insert into orders (cost, id_gift_certificate, id_user)
values (1, 1, 999),
       (2, 2, 998),
       (3, 3, 997),
       (4, 4, 996),
       (5, 5, 995),
       (6, 6, 994),
       (7, 7, 993),
       (8, 8, 992),
       (9, 9, 991),
       (10, 10, 990),
       (11, 11, 989),
       (12, 12, 988),
       (13, 13, 987),
       (14, 14, 986),
       (15, 15, 985),
       (16, 16, 984),
       (17, 17, 983),
       (18, 18, 982),
       (19, 19, 981),
       (20, 20, 980),
       (21, 21, 979),
       (22, 22, 978),
       (23, 23, 977),
       (24, 24, 976),
       (25, 25, 975),
       (26, 26, 974),
       (27, 27, 973),
       (28, 28, 972),
       (29, 29, 971),
       (30, 30, 970),
       (31, 31, 969),
       (32, 32, 968),
       (33, 33, 967),
       (34, 34, 966),
       (35, 35, 965),
       (36, 36, 964),
       (37, 37, 963),
       (38, 38, 962),
       (39, 39, 961),
       (40, 40, 960),
       (41, 41, 959),
       (42, 42, 958),
       (43, 43, 957),
       (44, 44, 956),
       (45, 45, 955),
       (46, 46, 954),
       (47, 47, 953),
       (48, 48, 952),
       (49, 49, 951),
       (50, 50, 950),
       (51, 51, 949),
       (52, 52, 948),
       (53, 53, 947),
       (54, 54, 946),
       (55, 55, 945),
       (56, 56, 944),
       (57, 57, 943),
       (58, 58, 942),
       (59, 59, 941),
       (60, 60, 940),
       (61, 61, 939),
       (62, 62, 938),
       (63, 63, 937),
       (64, 64, 936),
       (65, 65, 935),
       (66, 66, 934),
       (67, 67, 933),
       (68, 68, 932),
       (69, 69, 931),
       (70, 70, 930),
       (71, 71, 929),
       (72, 72, 928),
       (73, 73, 927),
       (74, 74, 926),
       (75, 75, 925),
       (76, 76, 924),
       (77, 77, 923),
       (78, 78, 922),
       (79, 79, 921),
       (80, 80, 920),
       (81, 81, 919),
       (82, 82, 918),
       (83, 83, 917),
       (84, 84, 916),
       (85, 85, 915),
       (86, 86, 914),
       (87, 87, 913),
       (88, 88, 912),
       (89, 89, 911),
       (90, 90, 910),
       (91, 91, 909),
       (92, 92, 908),
       (93, 93, 907),
       (94, 94, 906),
       (95, 95, 905),
       (96, 96, 904),
       (97, 97, 903),
       (98, 98, 902),
       (99, 99, 901),
       (100, 100, 900),
       (101, 101, 899),
       (102, 102, 898),
       (103, 103, 897),
       (104, 104, 896),
       (105, 105, 895),
       (106, 106, 894),
       (107, 107, 893),
       (108, 108, 892),
       (109, 109, 891),
       (110, 110, 890),
       (111, 111, 889),
       (112, 112, 888),
       (113, 113, 887),
       (114, 114, 886),
       (115, 115, 885),
       (116, 116, 884),
       (117, 117, 883),
       (118, 118, 882),
       (119, 119, 881),
       (120, 120, 880),
       (121, 121, 879),
       (122, 122, 878),
       (123, 123, 877),
       (124, 124, 876),
       (125, 125, 875),
       (126, 126, 874),
       (127, 127, 873),
       (128, 128, 872),
       (129, 129, 871),
       (130, 130, 870),
       (131, 131, 869),
       (132, 132, 868),
       (133, 133, 867),
       (134, 134, 866),
       (135, 135, 865),
       (136, 136, 864),
       (137, 137, 863),
       (138, 138, 862),
       (139, 139, 861),
       (140, 140, 860),
       (141, 141, 859),
       (142, 142, 858),
       (143, 143, 857),
       (144, 144, 856),
       (145, 145, 855),
       (146, 146, 854),
       (147, 147, 853),
       (148, 148, 852),
       (149, 149, 851),
       (150, 150, 850),
       (151, 151, 849),
       (152, 152, 848),
       (153, 153, 847),
       (154, 154, 846),
       (155, 155, 845),
       (156, 156, 844),
       (157, 157, 843),
       (158, 158, 842),
       (159, 159, 841),
       (160, 160, 840),
       (161, 161, 839),
       (162, 162, 838),
       (163, 163, 837),
       (164, 164, 836),
       (165, 165, 835),
       (166, 166, 834),
       (167, 167, 833),
       (168, 168, 832),
       (169, 169, 831),
       (170, 170, 830),
       (171, 171, 829),
       (172, 172, 828),
       (173, 173, 827),
       (174, 174, 826),
       (175, 175, 825),
       (176, 176, 824),
       (177, 177, 823),
       (178, 178, 822),
       (179, 179, 821),
       (180, 180, 820),
       (181, 181, 819),
       (182, 182, 818),
       (183, 183, 817),
       (184, 184, 816),
       (185, 185, 815),
       (186, 186, 814),
       (187, 187, 813),
       (188, 188, 812),
       (189, 189, 811),
       (190, 190, 810),
       (191, 191, 809),
       (192, 192, 808),
       (193, 193, 807),
       (194, 194, 806),
       (195, 195, 805),
       (196, 196, 804),
       (197, 197, 803),
       (198, 198, 802),
       (199, 199, 801),
       (200, 200, 800),
       (201, 201, 799),
       (202, 202, 798),
       (203, 203, 797),
       (204, 204, 796),
       (205, 205, 795),
       (206, 206, 794),
       (207, 207, 793),
       (208, 208, 792),
       (209, 209, 791),
       (210, 210, 790),
       (211, 211, 789),
       (212, 212, 788),
       (213, 213, 787),
       (214, 214, 786),
       (215, 215, 785),
       (216, 216, 784),
       (217, 217, 783),
       (218, 218, 782),
       (219, 219, 781),
       (220, 220, 780),
       (221, 221, 779),
       (222, 222, 778),
       (223, 223, 777),
       (224, 224, 776),
       (225, 225, 775),
       (226, 226, 774),
       (227, 227, 773),
       (228, 228, 772),
       (229, 229, 771),
       (230, 230, 770),
       (231, 231, 769),
       (232, 232, 768),
       (233, 233, 767),
       (234, 234, 766),
       (235, 235, 765),
       (236, 236, 764),
       (237, 237, 763),
       (238, 238, 762),
       (239, 239, 761),
       (240, 240, 760),
       (241, 241, 759),
       (242, 242, 758),
       (243, 243, 757),
       (244, 244, 756),
       (245, 245, 755),
       (246, 246, 754),
       (247, 247, 753),
       (248, 248, 752),
       (249, 249, 751),
       (250, 250, 750),
       (251, 251, 749),
       (252, 252, 748),
       (253, 253, 747),
       (254, 254, 746),
       (255, 255, 745),
       (256, 256, 744),
       (257, 257, 743),
       (258, 258, 742),
       (259, 259, 741),
       (260, 260, 740),
       (261, 261, 739),
       (262, 262, 738),
       (263, 263, 737),
       (264, 264, 736),
       (265, 265, 735),
       (266, 266, 734),
       (267, 267, 733),
       (268, 268, 732),
       (269, 269, 731),
       (270, 270, 730),
       (271, 271, 729),
       (272, 272, 728),
       (273, 273, 727),
       (274, 274, 726),
       (275, 275, 725),
       (276, 276, 724),
       (277, 277, 723),
       (278, 278, 722),
       (279, 279, 721),
       (280, 280, 720),
       (281, 281, 719),
       (282, 282, 718),
       (283, 283, 717),
       (284, 284, 716),
       (285, 285, 715),
       (286, 286, 714),
       (287, 287, 713),
       (288, 288, 712),
       (289, 289, 711),
       (290, 290, 710),
       (291, 291, 709),
       (292, 292, 708),
       (293, 293, 707),
       (294, 294, 706),
       (295, 295, 705),
       (296, 296, 704),
       (297, 297, 703),
       (298, 298, 702),
       (299, 299, 701),
       (300, 300, 700),
       (301, 301, 699),
       (302, 302, 698),
       (303, 303, 697),
       (304, 304, 696),
       (305, 305, 695),
       (306, 306, 694),
       (307, 307, 693),
       (308, 308, 692),
       (309, 309, 691),
       (310, 310, 690),
       (311, 311, 689),
       (312, 312, 688),
       (313, 313, 687),
       (314, 314, 686),
       (315, 315, 685),
       (316, 316, 684),
       (317, 317, 683),
       (318, 318, 682),
       (319, 319, 681),
       (320, 320, 680),
       (321, 321, 679),
       (322, 322, 678),
       (323, 323, 677),
       (324, 324, 676),
       (325, 325, 675),
       (326, 326, 674),
       (327, 327, 673),
       (328, 328, 672),
       (329, 329, 671),
       (330, 330, 670),
       (331, 331, 669),
       (332, 332, 668),
       (333, 333, 667),
       (334, 334, 666),
       (335, 335, 665),
       (336, 336, 664),
       (337, 337, 663),
       (338, 338, 662),
       (339, 339, 661),
       (340, 340, 660),
       (341, 341, 659),
       (342, 342, 658),
       (343, 343, 657),
       (344, 344, 656),
       (345, 345, 655),
       (346, 346, 654),
       (347, 347, 653),
       (348, 348, 652),
       (349, 349, 651),
       (350, 350, 650),
       (351, 351, 649),
       (352, 352, 648),
       (353, 353, 647),
       (354, 354, 646),
       (355, 355, 645),
       (356, 356, 644),
       (357, 357, 643),
       (358, 358, 642),
       (359, 359, 641),
       (360, 360, 640),
       (361, 361, 639),
       (362, 362, 638),
       (363, 363, 637),
       (364, 364, 636),
       (365, 365, 635),
       (366, 366, 634),
       (367, 367, 633),
       (368, 368, 632),
       (369, 369, 631),
       (370, 370, 630),
       (371, 371, 629),
       (372, 372, 628),
       (373, 373, 627),
       (374, 374, 626),
       (375, 375, 625),
       (376, 376, 624),
       (377, 377, 623),
       (378, 378, 622),
       (379, 379, 621),
       (380, 380, 620),
       (381, 381, 619),
       (382, 382, 618),
       (383, 383, 617),
       (384, 384, 616),
       (385, 385, 615),
       (386, 386, 614),
       (387, 387, 613),
       (388, 388, 612),
       (389, 389, 611),
       (390, 390, 610),
       (391, 391, 609),
       (392, 392, 608),
       (393, 393, 607),
       (394, 394, 606),
       (395, 395, 605),
       (396, 396, 604),
       (397, 397, 603),
       (398, 398, 602),
       (399, 399, 601),
       (400, 400, 600),
       (401, 401, 599),
       (402, 402, 598),
       (403, 403, 597),
       (404, 404, 596),
       (405, 405, 595),
       (406, 406, 594),
       (407, 407, 593),
       (408, 408, 592),
       (409, 409, 591),
       (410, 410, 590),
       (411, 411, 589),
       (412, 412, 588),
       (413, 413, 587),
       (414, 414, 586),
       (415, 415, 585),
       (416, 416, 584),
       (417, 417, 583),
       (418, 418, 582),
       (419, 419, 581),
       (420, 420, 580),
       (421, 421, 579),
       (422, 422, 578),
       (423, 423, 577),
       (424, 424, 576),
       (425, 425, 575),
       (426, 426, 574),
       (427, 427, 573),
       (428, 428, 572),
       (429, 429, 571),
       (430, 430, 570),
       (431, 431, 569),
       (432, 432, 568),
       (433, 433, 567),
       (434, 434, 566),
       (435, 435, 565),
       (436, 436, 564),
       (437, 437, 563),
       (438, 438, 562),
       (439, 439, 561),
       (440, 440, 560),
       (441, 441, 559),
       (442, 442, 558),
       (443, 443, 557),
       (444, 444, 556),
       (445, 445, 555),
       (446, 446, 554),
       (447, 447, 553),
       (448, 448, 552),
       (449, 449, 551),
       (450, 450, 550),
       (451, 451, 549),
       (452, 452, 548),
       (453, 453, 547),
       (454, 454, 546),
       (455, 455, 545),
       (456, 456, 544),
       (457, 457, 543),
       (458, 458, 542),
       (459, 459, 541),
       (460, 460, 540),
       (461, 461, 539),
       (462, 462, 538),
       (463, 463, 537),
       (464, 464, 536),
       (465, 465, 535),
       (466, 466, 534),
       (467, 467, 533),
       (468, 468, 532),
       (469, 469, 531),
       (470, 470, 530),
       (471, 471, 529),
       (472, 472, 528),
       (473, 473, 527),
       (474, 474, 526),
       (475, 475, 525),
       (476, 476, 524),
       (477, 477, 523),
       (478, 478, 522),
       (479, 479, 521),
       (480, 480, 520),
       (481, 481, 519),
       (482, 482, 518),
       (483, 483, 517),
       (484, 484, 516),
       (485, 485, 515),
       (486, 486, 514),
       (487, 487, 513),
       (488, 488, 512),
       (489, 489, 511),
       (490, 490, 510),
       (491, 491, 509),
       (492, 492, 508),
       (493, 493, 507),
       (494, 494, 506),
       (495, 495, 505),
       (496, 496, 504),
       (497, 497, 503),
       (498, 498, 502),
       (499, 499, 501),
       (500, 500, 500),
       (501, 501, 499),
       (502, 502, 498),
       (503, 503, 497),
       (504, 504, 496),
       (505, 505, 495),
       (506, 506, 494),
       (507, 507, 493),
       (508, 508, 492),
       (509, 509, 491),
       (510, 510, 490),
       (511, 511, 489),
       (512, 512, 488),
       (513, 513, 487),
       (514, 514, 486),
       (515, 515, 485),
       (516, 516, 484),
       (517, 517, 483),
       (518, 518, 482),
       (519, 519, 481),
       (520, 520, 480),
       (521, 521, 479),
       (522, 522, 478),
       (523, 523, 477),
       (524, 524, 476),
       (525, 525, 475),
       (526, 526, 474),
       (527, 527, 473),
       (528, 528, 472),
       (529, 529, 471),
       (530, 530, 470),
       (531, 531, 469),
       (532, 532, 468),
       (533, 533, 467),
       (534, 534, 466),
       (535, 535, 465),
       (536, 536, 464),
       (537, 537, 463),
       (538, 538, 462),
       (539, 539, 461),
       (540, 540, 460),
       (541, 541, 459),
       (542, 542, 458),
       (543, 543, 457),
       (544, 544, 456),
       (545, 545, 455),
       (546, 546, 454),
       (547, 547, 453),
       (548, 548, 452),
       (549, 549, 451),
       (550, 550, 450),
       (551, 551, 449),
       (552, 552, 448),
       (553, 553, 447),
       (554, 554, 446),
       (555, 555, 445),
       (556, 556, 444),
       (557, 557, 443),
       (558, 558, 442),
       (559, 559, 441),
       (560, 560, 440),
       (561, 561, 439),
       (562, 562, 438),
       (563, 563, 437),
       (564, 564, 436),
       (565, 565, 435),
       (566, 566, 434),
       (567, 567, 433),
       (568, 568, 432),
       (569, 569, 431),
       (570, 570, 430),
       (571, 571, 429),
       (572, 572, 428),
       (573, 573, 427),
       (574, 574, 426),
       (575, 575, 425),
       (576, 576, 424),
       (577, 577, 423),
       (578, 578, 422),
       (579, 579, 421),
       (580, 580, 420),
       (581, 581, 419),
       (582, 582, 418),
       (583, 583, 417),
       (584, 584, 416),
       (585, 585, 415),
       (586, 586, 414),
       (587, 587, 413),
       (588, 588, 412),
       (589, 589, 411),
       (590, 590, 410),
       (591, 591, 409),
       (592, 592, 408),
       (593, 593, 407),
       (594, 594, 406),
       (595, 595, 405),
       (596, 596, 404),
       (597, 597, 403),
       (598, 598, 402),
       (599, 599, 401),
       (600, 600, 400),
       (601, 601, 399),
       (602, 602, 398),
       (603, 603, 397),
       (604, 604, 396),
       (605, 605, 395),
       (606, 606, 394),
       (607, 607, 393),
       (608, 608, 392),
       (609, 609, 391),
       (610, 610, 390),
       (611, 611, 389),
       (612, 612, 388),
       (613, 613, 387),
       (614, 614, 386),
       (615, 615, 385),
       (616, 616, 384),
       (617, 617, 383),
       (618, 618, 382),
       (619, 619, 381),
       (620, 620, 380),
       (621, 621, 379),
       (622, 622, 378),
       (623, 623, 377),
       (624, 624, 376),
       (625, 625, 375),
       (626, 626, 374),
       (627, 627, 373),
       (628, 628, 372),
       (629, 629, 371),
       (630, 630, 370),
       (631, 631, 369),
       (632, 632, 368),
       (633, 633, 367),
       (634, 634, 366),
       (635, 635, 365),
       (636, 636, 364),
       (637, 637, 363),
       (638, 638, 362),
       (639, 639, 361),
       (640, 640, 360),
       (641, 641, 359),
       (642, 642, 358),
       (643, 643, 357),
       (644, 644, 356),
       (645, 645, 355),
       (646, 646, 354),
       (647, 647, 353),
       (648, 648, 352),
       (649, 649, 351),
       (650, 650, 350),
       (651, 651, 349),
       (652, 652, 348),
       (653, 653, 347),
       (654, 654, 346),
       (655, 655, 345),
       (656, 656, 344),
       (657, 657, 343),
       (658, 658, 342),
       (659, 659, 341),
       (660, 660, 340),
       (661, 661, 339),
       (662, 662, 338),
       (663, 663, 337),
       (664, 664, 336),
       (665, 665, 335),
       (666, 666, 334),
       (667, 667, 333),
       (668, 668, 332),
       (669, 669, 331),
       (670, 670, 330),
       (671, 671, 329),
       (672, 672, 328),
       (673, 673, 327),
       (674, 674, 326),
       (675, 675, 325),
       (676, 676, 324),
       (677, 677, 323),
       (678, 678, 322),
       (679, 679, 321),
       (680, 680, 320),
       (681, 681, 319),
       (682, 682, 318),
       (683, 683, 317),
       (684, 684, 316),
       (685, 685, 315),
       (686, 686, 314),
       (687, 687, 313),
       (688, 688, 312),
       (689, 689, 311),
       (690, 690, 310),
       (691, 691, 309),
       (692, 692, 308),
       (693, 693, 307),
       (694, 694, 306),
       (695, 695, 305),
       (696, 696, 304),
       (697, 697, 303),
       (698, 698, 302),
       (699, 699, 301),
       (700, 700, 300),
       (701, 701, 299),
       (702, 702, 298),
       (703, 703, 297),
       (704, 704, 296),
       (705, 705, 295),
       (706, 706, 294),
       (707, 707, 293),
       (708, 708, 292),
       (709, 709, 291),
       (710, 710, 290),
       (711, 711, 289),
       (712, 712, 288),
       (713, 713, 287),
       (714, 714, 286),
       (715, 715, 285),
       (716, 716, 284),
       (717, 717, 283),
       (718, 718, 282),
       (719, 719, 281),
       (720, 720, 280),
       (721, 721, 279),
       (722, 722, 278),
       (723, 723, 277),
       (724, 724, 276),
       (725, 725, 275),
       (726, 726, 274),
       (727, 727, 273),
       (728, 728, 272),
       (729, 729, 271),
       (730, 730, 270),
       (731, 731, 269),
       (732, 732, 268),
       (733, 733, 267),
       (734, 734, 266),
       (735, 735, 265),
       (736, 736, 264),
       (737, 737, 263),
       (738, 738, 262),
       (739, 739, 261),
       (740, 740, 260),
       (741, 741, 259),
       (742, 742, 258),
       (743, 743, 257),
       (744, 744, 256),
       (745, 745, 255),
       (746, 746, 254),
       (747, 747, 253),
       (748, 748, 252),
       (749, 749, 251),
       (750, 750, 250),
       (751, 751, 249),
       (752, 752, 248),
       (753, 753, 247),
       (754, 754, 246),
       (755, 755, 245),
       (756, 756, 244),
       (757, 757, 243),
       (758, 758, 242),
       (759, 759, 241),
       (760, 760, 240),
       (761, 761, 239),
       (762, 762, 238),
       (763, 763, 237),
       (764, 764, 236),
       (765, 765, 235),
       (766, 766, 234),
       (767, 767, 233),
       (768, 768, 232),
       (769, 769, 231),
       (770, 770, 230),
       (771, 771, 229),
       (772, 772, 228),
       (773, 773, 227),
       (774, 774, 226),
       (775, 775, 225),
       (776, 776, 224),
       (777, 777, 223),
       (778, 778, 222),
       (779, 779, 221),
       (780, 780, 220),
       (781, 781, 219),
       (782, 782, 218),
       (783, 783, 217),
       (784, 784, 216),
       (785, 785, 215),
       (786, 786, 214),
       (787, 787, 213),
       (788, 788, 212),
       (789, 789, 211),
       (790, 790, 210),
       (791, 791, 209),
       (792, 792, 208),
       (793, 793, 207),
       (794, 794, 206),
       (795, 795, 205),
       (796, 796, 204),
       (797, 797, 203),
       (798, 798, 202),
       (799, 799, 201),
       (800, 800, 200),
       (801, 801, 199),
       (802, 802, 198),
       (803, 803, 197),
       (804, 804, 196),
       (805, 805, 195),
       (806, 806, 194),
       (807, 807, 193),
       (808, 808, 192),
       (809, 809, 191),
       (810, 810, 190),
       (811, 811, 189),
       (812, 812, 188),
       (813, 813, 187),
       (814, 814, 186),
       (815, 815, 185),
       (816, 816, 184),
       (817, 817, 183),
       (818, 818, 182),
       (819, 819, 181),
       (820, 820, 180),
       (821, 821, 179),
       (822, 822, 178),
       (823, 823, 177),
       (824, 824, 176),
       (825, 825, 175),
       (826, 826, 174),
       (827, 827, 173),
       (828, 828, 172),
       (829, 829, 171),
       (830, 830, 170),
       (831, 831, 169),
       (832, 832, 168),
       (833, 833, 167),
       (834, 834, 166),
       (835, 835, 165),
       (836, 836, 164),
       (837, 837, 163),
       (838, 838, 162),
       (839, 839, 161),
       (840, 840, 160),
       (841, 841, 159),
       (842, 842, 158),
       (843, 843, 157),
       (844, 844, 156),
       (845, 845, 155),
       (846, 846, 154),
       (847, 847, 153),
       (848, 848, 152),
       (849, 849, 151),
       (850, 850, 150),
       (851, 851, 149),
       (852, 852, 148),
       (853, 853, 147),
       (854, 854, 146),
       (855, 855, 145),
       (856, 856, 144),
       (857, 857, 143),
       (858, 858, 142),
       (859, 859, 141),
       (860, 860, 140),
       (861, 861, 139),
       (862, 862, 138),
       (863, 863, 137),
       (864, 864, 136),
       (865, 865, 135),
       (866, 866, 134),
       (867, 867, 133),
       (868, 868, 132),
       (869, 869, 131),
       (870, 870, 130),
       (871, 871, 129),
       (872, 872, 128),
       (873, 873, 127),
       (874, 874, 126),
       (875, 875, 125),
       (876, 876, 124),
       (877, 877, 123),
       (878, 878, 122),
       (879, 879, 121),
       (880, 880, 120),
       (881, 881, 119),
       (882, 882, 118),
       (883, 883, 117),
       (884, 884, 116),
       (885, 885, 115),
       (886, 886, 114),
       (887, 887, 113),
       (888, 888, 112),
       (889, 889, 111),
       (890, 890, 110),
       (891, 891, 109),
       (892, 892, 108),
       (893, 893, 107),
       (894, 894, 106),
       (895, 895, 105),
       (896, 896, 104),
       (897, 897, 103),
       (898, 898, 102),
       (899, 899, 101),
       (900, 900, 100),
       (901, 901, 99),
       (902, 902, 98),
       (903, 903, 97),
       (904, 904, 96),
       (905, 905, 95),
       (906, 906, 94),
       (907, 907, 93),
       (908, 908, 92),
       (909, 909, 91),
       (910, 910, 90),
       (911, 911, 89),
       (912, 912, 88),
       (913, 913, 87),
       (914, 914, 86),
       (915, 915, 85),
       (916, 916, 84),
       (917, 917, 83),
       (918, 918, 82),
       (919, 919, 81),
       (920, 920, 80),
       (921, 921, 79),
       (922, 922, 78),
       (923, 923, 77),
       (924, 924, 76),
       (925, 925, 75),
       (926, 926, 74),
       (927, 927, 73),
       (928, 928, 72),
       (929, 929, 71),
       (930, 930, 70),
       (931, 931, 69),
       (932, 932, 68),
       (933, 933, 67),
       (934, 934, 66),
       (935, 935, 65),
       (936, 936, 64),
       (937, 937, 63),
       (938, 938, 62),
       (939, 939, 61),
       (940, 940, 60),
       (941, 941, 59),
       (942, 942, 58),
       (943, 943, 57),
       (944, 944, 56),
       (945, 945, 55),
       (946, 946, 54),
       (947, 947, 53),
       (948, 948, 52),
       (949, 949, 51),
       (950, 950, 50),
       (951, 951, 49),
       (952, 952, 48),
       (953, 953, 47),
       (954, 954, 46),
       (955, 955, 45),
       (956, 956, 44),
       (957, 957, 43),
       (958, 958, 42),
       (959, 959, 41),
       (960, 960, 40),
       (961, 961, 39),
       (962, 962, 38),
       (963, 963, 37),
       (964, 964, 36),
       (965, 965, 35),
       (966, 966, 34),
       (967, 967, 33),
       (968, 968, 32),
       (969, 969, 31),
       (970, 970, 30),
       (971, 971, 29),
       (972, 972, 28),
       (973, 973, 27),
       (974, 974, 26),
       (975, 975, 25),
       (976, 976, 24),
       (977, 977, 23),
       (978, 978, 22),
       (979, 979, 21),
       (980, 980, 20),
       (981, 981, 19),
       (982, 982, 18),
       (983, 983, 17),
       (984, 984, 16),
       (985, 985, 15),
       (986, 986, 14),
       (987, 987, 13),
       (988, 988, 12),
       (989, 989, 11),
       (990, 990, 10),
       (991, 991, 9),
       (992, 992, 8),
       (993, 993, 7),
       (994, 994, 6),
       (995, 995, 5),
       (996, 996, 4),
       (997, 997, 3),
       (998, 998, 2),
       (999, 999, 1);