insert into tag_gift_certificate (tag_id, gift_certificate_id)
values (544, 2048),
       (502, 2048),
       (999, 2049),
       (267, 2049),
       (946, 2050),
       (515, 2050),
       (84, 2050),
       (391, 2050),
       (744, 2050),
       (492, 2050),
       (1038, 2050),
       (574, 2050),
       (526, 2051),
       (866, 2052),
       (54, 2053),
       (247, 2053),
       (938, 2053),
       (109, 2053),
       (1061, 2054),
       (245, 2055),
       (670, 2055),
       (1123, 2056),
       (981, 2056),
       (952, 2056),
       (443, 2056),
       (655, 2056),
       (404, 2057),
       (727, 2057),
       (732, 2057),
       (686, 2057),
       (126, 2058),
       (996, 2059),
       (1162, 2059),
       (542, 2059),
       (340, 2060),
       (694, 2060),
       (105, 2060),
       (31, 2060),
       (1137, 2061),
       (517, 2061),
       (971, 2061),
       (1181, 2061),
       (591, 2061),
       (164, 2062),
       (101, 2062),
       (585, 2062),
       (801, 2063),
       (681, 2063),
       (620, 2063),
       (838, 2064),
       (428, 2064),
       (191, 2064),
       (145, 2065),
       (33, 2066),
       (1043, 2066),
       (1191, 2066),
       (664, 2066),
       (313, 2066),
       (425, 2066),
       (1001, 2066),
       (541, 2066),
       (256, 2067),
       (225, 2067),
       (1026, 2067),
       (713, 2067),
       (249, 2067),
       (190, 2067),
       (976, 2068),
       (1089, 2068),
       (977, 2068),
       (551, 2068),
       (759, 2068),
       (874, 2068),
       (92, 2068),
       (237, 2068),
       (143, 2068),
       (979, 2069),
       (756, 2069),
       (260, 2069),
       (646, 2069),
       (587, 2069),
       (17, 2070),
       (675, 2070),
       (486, 2070),
       (502, 2070),
       (598, 2070),
       (397, 2070),
       (109, 2070),
       (418, 2071),
       (323, 2071),
       (308, 2071),
       (356, 2071),
       (21, 2071),
       (24, 2071),
       (360, 2071),
       (990, 2071),
       (1088, 2072),
       (113, 2072),
       (130, 2072),
       (1015, 2072),
       (1209, 2072),
       (908, 2072),
       (140, 2072),
       (685, 2073),
       (1214, 2073),
       (402, 2074),
       (980, 2074),
       (165, 2074),
       (923, 2074),
       (29, 2074),
       (706, 2075),
       (307, 2075),
       (389, 2075),
       (475, 2075),
       (831, 2075),
       (656, 2076),
       (146, 2076),
       (21, 2076),
       (133, 2076),
       (6, 2076),
       (201, 2076),
       (476, 2076),
       (1134, 2076),
       (385, 2077),
       (1012, 2077),
       (630, 2077),
       (391, 2077),
       (250, 2077),
       (1099, 2077),
       (188, 2077),
       (383, 2077),
       (623, 2077),
       (642, 2078),
       (147, 2078),
       (597, 2078),
       (1125, 2078),
       (743, 2078),
       (857, 2078),
       (462, 2078),
       (1151, 2078),
       (573, 2079),
       (656, 2080),
       (357, 2080),
       (1205, 2080),
       (456, 2080),
       (332, 2080),
       (628, 2081),
       (932, 2082),
       (22, 2082),
       (1146, 2082),
       (1006, 2082),
       (804, 2083),
       (909, 2083),
       (893, 2083),
       (543, 2083),
       (339, 2084),
       (1191, 2084),
       (199, 2084),
       (540, 2084),
       (957, 2084),
       (94, 2084),
       (1183, 2084),
       (659, 2085),
       (1172, 2085),
       (536, 2085),
       (138, 2085),
       (171, 2085),
       (156, 2085),
       (707, 2086),
       (259, 2086),
       (820, 2086),
       (85, 2086),
       (343, 2086),
       (488, 2086),
       (461, 2086),
       (125, 2086),
       (50, 2087),
       (386, 2087),
       (1158, 2087),
       (585, 2087),
       (842, 2087),
       (699, 2087),
       (1182, 2087),
       (526, 2087),
       (1199, 2087),
       (210, 2088),
       (358, 2088),
       (1194, 2088),
       (228, 2089),
       (708, 2089),
       (982, 2089),
       (920, 2089),
       (808, 2089),
       (921, 2089),
       (569, 2089),
       (778, 2089),
       (251, 2089),
       (85, 2090),
       (775, 2090),
       (633, 2090),
       (1184, 2091),
       (883, 2091),
       (851, 2091),
       (228, 2091),
       (631, 2091),
       (168, 2091),
       (556, 2091),
       (14, 2091),
       (47, 2091),
       (1120, 2092),
       (786, 2092),
       (438, 2092),
       (56, 2092),
       (761, 2092),
       (90, 2092),
       (986, 2092),
       (828, 2092),
       (160, 2093),
       (306, 2093),
       (920, 2093),
       (1052, 2093),
       (269, 2093),
       (734, 2093),
       (1055, 2093),
       (849, 2094),
       (212, 2094),
       (872, 2094),
       (814, 2094),
       (991, 2094),
       (1017, 2095),
       (28, 2096),
       (736, 2097),
       (1157, 2097),
       (621, 2097),
       (398, 2097),
       (622, 2097),
       (271, 2097),
       (207, 2097),
       (49, 2098),
       (659, 2098),
       (421, 2098),
       (858, 2098),
       (1197, 2098),
       (1150, 2098),
       (687, 2098),
       (724, 2099),
       (1174, 2099),
       (904, 2099),
       (109, 2099),
       (511, 2099),
       (258, 2100),
       (854, 2100),
       (797, 2100),
       (765, 2100),
       (791, 2101),
       (339, 2102),
       (883, 2102),
       (932, 2102),
       (965, 2102),
       (149, 2102),
       (281, 2102),
       (1058, 2103),
       (451, 2103),
       (1051, 2103),
       (637, 2103),
       (1134, 2103),
       (592, 2104),
       (177, 2104),
       (481, 2104),
       (1206, 2104),
       (1127, 2104),
       (777, 2104),
       (334, 2104),
       (847, 2104),
       (546, 2105),
       (259, 2105),
       (260, 2105),
       (396, 2105),
       (542, 2105),
       (447, 2105),
       (1172, 2106),
       (1046, 2106),
       (160, 2107),
       (304, 2107),
       (434, 2107),
       (3, 2107),
       (181, 2107),
       (1055, 2107),
       (353, 2108),
       (662, 2108),
       (1066, 2108),
       (522, 2108),
       (875, 2108),
       (589, 2108),
       (1021, 2108),
       (127, 2108),
       (111, 2108),
       (177, 2109),
       (146, 2109),
       (483, 2109),
       (133, 2109),
       (776, 2109),
       (861, 2109),
       (832, 2110),
       (803, 2110),
       (469, 2110),
       (869, 2110),
       (487, 2110),
       (718, 2110),
       (271, 2110),
       (214, 2111),
       (344, 2111),
       (1097, 2111),
       (393, 2111),
       (890, 2111),
       (286, 2111),
       (432, 2112),
       (483, 2112),
       (1155, 2112),
       (181, 2112),
       (573, 2112),
       (593, 2113),
       (850, 2113),
       (851, 2113),
       (455, 2113),
       (520, 2113),
       (281, 2113),
       (810, 2113),
       (843, 2113),
       (765, 2113),
       (5, 2114),
       (37, 2114),
       (69, 2114),
       (1197, 2114),
       (325, 2115),
       (256, 2116),
       (34, 2116),
       (227, 2116),
       (191, 2116),
       (896, 2117),
       (880, 2117),
       (304, 2117),
       (913, 2117),
       (929, 2117),
       (294, 2117),
       (552, 2117),
       (393, 2117),
       (350, 2117),
       (961, 2118),
       (164, 2118),
       (885, 2118),
       (5, 2118),
       (279, 2118),
       (49, 2119),
       (1203, 2119),
       (853, 2119),
       (1097, 2119),
       (908, 2119),
       (511, 2119),
       (977, 2120),
       (424, 2120),
       (638, 2120),
       (383, 2120),
       (1139, 2121),
       (1028, 2121),
       (710, 2121),
       (519, 2121),
       (1081, 2121),
       (9, 2121),
       (1119, 2121),
       (432, 2122),
       (450, 2122),
       (889, 2122),
       (721, 2123),
       (147, 2123),
       (291, 2123),
       (216, 2123),
       (25, 2123),
       (140, 2123),
       (574, 2123),
       (1134, 2123),
       (593, 2124),
       (710, 2124),
       (950, 2124),
       (936, 2124),
       (920, 2124),
       (537, 2124),
       (76, 2124),
       (508, 2124),
       (1070, 2124),
       (275, 2125),
       (57, 2125),
       (586, 2125),
       (394, 2126),
       (496, 2127),
       (386, 2127),
       (53, 2127),
       (197, 2127),
       (983, 2127),
       (153, 2127),
       (896, 2128),
       (149, 2128),
       (1128, 2128),
       (153, 2128),
       (139, 2128),
       (629, 2129),
       (104, 2129),
       (1016, 2129),
       (84, 2130),
       (425, 2130),
       (1025, 2131),
       (293, 2132),
       (331, 2132),
       (915, 2133),
       (1060, 2133),
       (215, 2133),
       (667, 2133),
       (382, 2133),
       (942, 2133),
       (95, 2133),
       (1159, 2134),
       (519, 2134),
       (1113, 2134),
       (346, 2134),
       (331, 2134),
       (1164, 2134),
       (126, 2134),
       (94, 2134),
       (675, 2135),
       (440, 2135),
       (906, 2135),
       (378, 2135),
       (1023, 2135),
       (1218, 2136),
       (197, 2136),
       (838, 2136),
       (664, 2136),
       (539, 2136),
       (844, 2136),
       (1133, 2136),
       (221, 2136),
       (564, 2137),
       (223, 2137),
       (368, 2138),
       (740, 2138),
       (800, 2139),
       (802, 2139),
       (1129, 2139),
       (138, 2139),
       (784, 2140),
       (118, 2140),
       (1062, 2140),
       (767, 2140),
       (1135, 2140),
       (161, 2141),
       (69, 2141),
       (616, 2141),
       (536, 2141),
       (1181, 2141),
       (244, 2142),
       (968, 2142),
       (672, 2143),
       (946, 2143),
       (20, 2143),
       (150, 2143),
       (567, 2143),
       (302, 2143),
       (271, 2143),
       (544, 2144),
       (929, 2144),
       (67, 2144),
       (1141, 2144),
       (262, 2144),
       (438, 2144),
       (281, 2144),
       (348, 2144),
       (542, 2144),
       (537, 2145),
       (841, 2145),
       (144, 2146),
       (353, 2146),
       (1121, 2146),
       (1025, 2146),
       (18, 2146),
       (581, 2146),
       (935, 2146),
       (812, 2146),
       (289, 2147),
       (290, 2147),
       (1011, 2147),
       (628, 2147),
       (615, 2147),
       (42, 2147),
       (1019, 2147),
       (76, 2147),
       (670, 2147),
       (304, 2148),
       (674, 2148),
       (454, 2148),
       (966, 2148),
       (263, 2148),
       (1177, 2148),
       (571, 2148),
       (124, 2148),
       (1121, 2149),
       (1185, 2149),
       (1201, 2149),
       (3, 2149),
       (180, 2149),
       (1031, 2149),
       (396, 2149),
       (125, 2149),
       (462, 2149),
       (742, 2150),
       (439, 2150),
       (1130, 2150),
       (540, 2150),
       (173, 2150),
       (386, 2151),
       (1075, 2151),
       (307, 2151),
       (1191, 2151),
       (631, 2151),
       (1100, 2151),
       (1053, 2151),
       (3, 2152),
       (739, 2152),
       (389, 2152),
       (421, 2152),
       (183, 2152),
       (1081, 2152),
       (123, 2152),
       (779, 2152),
       (780, 2152),
       (442, 2153),
       (65, 2154),
       (35, 2154),
       (820, 2154),
       (396, 2154),
       (846, 2154),
       (705, 2155),
       (770, 2155),
       (594, 2155),
       (483, 2155),
       (819, 2155),
       (1205, 2155),
       (1095, 2155),
       (906, 2155),
       (689, 2156),
       (914, 2156),
       (1004, 2156),
       (893, 2156),
       (547, 2157),
       (997, 2157),
       (839, 2157),
       (1176, 2157),
       (142, 2157),
       (526, 2157),
       (240, 2158),
       (789, 2158),
       (853, 2159),
       (703, 2160),
       (528, 2161),
       (87, 2161),
       (217, 2161),
       (1067, 2161),
       (603, 2161),
       (1102, 2161),
       (1200, 2162),
       (1069, 2162),
       (62, 2162),
       (447, 2162),
       (170, 2163),
       (934, 2164),
       (1017, 2164),
       (1179, 2164),
       (240, 2165),
       (515, 2165),
       (872, 2165),
       (541, 2165),
       (574, 2165),
       (1199, 2165),
       (144, 2166),
       (929, 2166),
       (1108, 2166),
       (933, 2166),
       (880, 2167),
       (1169, 2167),
       (531, 2167),
       (601, 2167),
       (905, 2167),
       (586, 2167),
       (411, 2167),
       (813, 2167),
       (144, 2168),
       (818, 2168),
       (482, 2168),
       (59, 2168),
       (748, 2168),
       (1039, 2168),
       (931, 2169),
       (703, 2169),
       (768, 2170),
       (577, 2170),
       (712, 2170),
       (138, 2170),
       (347, 2170),
       (460, 2170),
       (893, 2170),
       (736, 2171),
       (867, 2171),
       (115, 2171),
       (346, 2171),
       (1210, 2171),
       (330, 2171),
       (830, 2171),
       (542, 2171),
       (1119, 2171),
       (199, 2172),
       (459, 2172),
       (1217, 2173),
       (456, 2173),
       (313, 2173),
       (942, 2173),
       (298, 2174),
       (1217, 2175),
       (498, 2175),
       (617, 2175),
       (859, 2175),
       (509, 2175),
       (1075, 2176),
       (341, 2176),
       (821, 2176),
       (872, 2176),
       (25, 2176),
       (1132, 2176),
       (1070, 2176),
       (722, 2177),
       (1123, 2177),
       (1174, 2177),
       (262, 2177),
       (344, 2177),
       (108, 2177),
       (316, 2177),
       (527, 2177),
       (370, 2178),
       (857, 2178),
       (227, 2179),
       (334, 2179),
       (516, 2180),
       (258, 2181),
       (355, 2181),
       (180, 2181),
       (600, 2181),
       (362, 2181),
       (316, 2181),
       (766, 2181),
       (706, 2182),
       (114, 2182),
       (996, 2182),
       (444, 2182),
       (1070, 2182),
       (1152, 2183),
       (841, 2183),
       (266, 2183),
       (1104, 2184),
       (963, 2184),
       (852, 2184),
       (1174, 2184),
       (982, 2184),
       (440, 2184),
       (776, 2184),
       (93, 2184),
       (975, 2184),
       (935, 2185),
       (948, 2186),
       (320, 2187),
       (50, 2187),
       (403, 2187),
       (779, 2187),
       (1111, 2188),
       (843, 2188),
       (288, 2189),
       (1153, 2189),
       (727, 2189),
       (583, 2189),
       (172, 2189),
       (1147, 2190),
       (564, 2191),
       (441, 2191),
       (139, 2191),
       (1182, 2191),
       (1166, 2191),
       (734, 2191),
       (1045, 2192),
       (946, 2193),
       (611, 2193),
       (886, 2193),
       (1147, 2193),
       (143, 2193),
       (809, 2194),
       (1067, 2194),
       (1056, 2195),
       (320, 2195),
       (1090, 2195),
       (454, 2195),
       (425, 2195),
       (521, 2195),
       (364, 2195),
       (156, 2195),
       (1041, 2196),
       (7, 2196),
       (312, 2196),
       (169, 2196),
       (314, 2196),
       (413, 2196),
       (912, 2197),
       (320, 2197),
       (656, 2197),
       (1060, 2197),
       (949, 2197),
       (677, 2197),
       (199, 2197),
       (171, 2198),
       (1118, 2198),
       (751, 2198),
       (671, 2198),
       (1119, 2198),
       (628, 2199),
       (549, 2199),
       (1207, 2199),
       (394, 2199),
       (557, 2199),
       (574, 2199),
       (671, 2199),
       (511, 2199),
       (208, 2200),
       (224, 2201),
       (1025, 2201),
       (980, 2201),
       (201, 2201),
       (652, 2201),
       (782, 2201),
       (1055, 2201),
       (927, 2201),
       (903, 2202),
       (1095, 2202),
       (1161, 2202),
       (1113, 2202),
       (1034, 2202),
       (285, 2202),
       (175, 2202),
       (559, 2202),
       (193, 2203),
       (1138, 2203),
       (1012, 2203),
       (726, 2203),
       (984, 2203),
       (42, 2203),
       (1083, 2203),
       (205, 2203),
       (1089, 2204),
       (18, 2205),
       (184, 2205),
       (201, 2205),
       (427, 2205),
       (1095, 2206),
       (250, 2206),
       (379, 2206),
       (956, 2206),
       (558, 2206),
       (515, 2207),
       (835, 2207),
       (20, 2207),
       (969, 2207),
       (91, 2207),
       (175, 2207),
       (1078, 2208),
       (186, 2208),
       (684, 2208),
       (493, 2208),
       (782, 2208),
       (181, 2209),
       (581, 2209),
       (230, 2209),
       (761, 2209),
       (57, 2209),
       (495, 2209),
       (1105, 2210),
       (82, 2210),
       (343, 2210),
       (1113, 2210),
       (316, 2210),
       (229, 2211),
       (421, 2211),
       (844, 2211),
       (534, 2212),
       (1110, 2213),
       (118, 2213),
       (1144, 2213),
       (1052, 2213),
       (1181, 2213),
       (693, 2214),
       (854, 2214),
       (308, 2215),
       (252, 2215),
       (1040, 2216),
       (1008, 2216),
       (1013, 2216),
       (569, 2216),
       (1066, 2216),
       (925, 2216),
       (88, 2217),
       (640, 2218),
       (993, 2218),
       (242, 2218),
       (1094, 2218),
       (903, 2218),
       (491, 2218),
       (414, 2218),
       (660, 2219),
       (1094, 2219),
       (778, 2219),
       (831, 2219),
       (559, 2219),
       (626, 2220),
       (834, 2220),
       (1042, 2220),
       (389, 2220),
       (1109, 2220),
       (360, 2220),
       (106, 2220),
       (714, 2220),
       (830, 2220),
       (320, 2221),
       (865, 2221),
       (659, 2221),
       (294, 2221),
       (343, 2222),
       (41, 2222),
       (891, 2222),
       (224, 2223),
       (34, 2223),
       (18, 2223),
       (708, 2223),
       (619, 2223),
       (125, 2223),
       (528, 2224),
       (973, 2224),
       (462, 2224),
       (784, 2225),
       (577, 2225),
       (1114, 2225),
       (347, 2225),
       (493, 2225),
       (1214, 2225),
       (245, 2226),
       (694, 2226),
       (1049, 2226),
       (889, 2226),
       (747, 2226),
       (221, 2226),
       (543, 2226),
       (255, 2226),
       (420, 2227),
       (1098, 2227),
       (769, 2228),
       (757, 2228),
       (152, 2228),
       (121, 2228),
       (731, 2228),
       (1196, 2228),
       (1100, 2228),
       (367, 2228),
       (528, 2229),
       (144, 2229),
       (147, 2229),
       (565, 2229),
       (118, 2229),
       (535, 2229),
       (871, 2229),
       (1001, 2229),
       (746, 2229),
       (272, 2230),
       (739, 2230),
       (870, 2230),
       (1020, 2230),
       (12, 2230),
       (556, 2231),
       (322, 2232),
       (1060, 2232),
       (650, 2232),
       (460, 2232),
       (560, 2233),
       (530, 2233),
       (523, 2233),
       (491, 2233),
       (56, 2234),
       (1195, 2234),
       (1056, 2235),
       (561, 2235),
       (967, 2235),
       (523, 2235),
       (877, 2235),
       (1213, 2235),
       (18, 2236),
       (500, 2236),
       (903, 2236),
       (1150, 2236),
       (962, 2237),
       (480, 2238),
       (291, 2238),
       (805, 2238),
       (824, 2238),
       (873, 2238),
       (285, 2238),
       (581, 2239),
       (310, 2239),
       (248, 2239),
       (1209, 2239),
       (153, 2239),
       (365, 2239),
       (401, 2240),
       (666, 2240),
       (155, 2240),
       (636, 2240),
       (703, 2240),
       (739, 2241),
       (363, 2241),
       (452, 2242),
       (870, 2242),
       (113, 2243),
       (216, 2243),
       (783, 2243),
       (511, 2243),
       (865, 2244),
       (84, 2244),
       (245, 2244),
       (203, 2244),
       (45, 2244),
       (1135, 2244),
       (21, 2245),
       (153, 2245),
       (989, 2245),
       (350, 2245),
       (57, 2246),
       (1057, 2247),
       (375, 2247),
       (921, 2247),
       (458, 2247),
       (810, 2247),
       (595, 2248),
       (645, 2248),
       (576, 2249),
       (1015, 2249),
       (279, 2249),
       (1048, 2249),
       (633, 2249),
       (1025, 2250),
       (1074, 2250),
       (1138, 2250),
       (951, 2250),
       (520, 2250),
       (504, 2250),
       (975, 2250),
       (255, 2250),
       (319, 2250),
       (611, 2251),
       (452, 2251),
       (581, 2251),
       (309, 2251),
       (1127, 2251),
       (1067, 2251),
       (443, 2251),
       (43, 2251),
       (111, 2251),
       (864, 2252),
       (416, 2252),
       (195, 2252),
       (147, 2252),
       (229, 2252),
       (838, 2252),
       (631, 2252),
       (752, 2253),
       (1170, 2253),
       (293, 2253),
       (906, 2253),
       (1100, 2253),
       (1053, 2253),
       (1063, 2254),
       (215, 2254),
       (937, 2254),
       (449, 2255),
       (1093, 2255),
       (54, 2255),
       (970, 2255),
       (282, 2255),
       (909, 2255),
       (559, 2255),
       (1045, 2256),
       (613, 2256),
       (257, 2257),
       (593, 2257),
       (325, 2257),
       (134, 2257),
       (9, 2257),
       (956, 2257),
       (303, 2257),
       (800, 2258),
       (1028, 2258),
       (788, 2258),
       (197, 2258),
       (232, 2258),
       (699, 2258),
       (1019, 2258),
       (366, 2258),
       (942, 2258),
       (721, 2259),
       (756, 2259),
       (117, 2259),
       (907, 2259),
       (444, 2259),
       (1119, 2259),
       (511, 2259),
       (488, 2260),
       (413, 2261),
       (451, 2262),
       (531, 2262),
       (465, 2263),
       (931, 2263),
       (231, 2263),
       (584, 2263),
       (76, 2263),
       (669, 2263),
       (1199, 2263),
       (867, 2264),
       (261, 2264),
       (803, 2265),
       (1156, 2265),
       (135, 2265),
       (983, 2265),
       (413, 2265),
       (657, 2266),
       (113, 2266),
       (1027, 2266),
       (536, 2266),
       (398, 2266),
       (127, 2266),
       (1071, 2266),
       (609, 2267),
       (482, 2267),
       (998, 2267),
       (820, 2268),
       (1127, 2268),
       (1063, 2268),
       (104, 2268),
       (440, 2268),
       (1098, 2268),
       (45, 2268),
       (317, 2268),
       (128, 2269),
       (434, 2269),
       (1048, 2269),
       (944, 2270),
       (896, 2270),
       (672, 2270),
       (386, 2270),
       (696, 2270),
       (908, 2270),
       (992, 2271),
       (104, 2271),
       (523, 2271),
       (604, 2271),
       (718, 2272),
       (1009, 2273),
       (322, 2273),
       (179, 2273),
       (675, 2273),
       (643, 2273),
       (397, 2273),
       (768, 2274),
       (769, 2274),
       (306, 2274),
       (691, 2274),
       (215, 2274),
       (1064, 2274),
       (685, 2274),
       (304, 2275),
       (1108, 2275),
       (825, 2275),
       (394, 2275),
       (618, 2275),
       (690, 2276),
       (1045, 2276),
       (524, 2277),
       (968, 2278),
       (586, 2278),
       (303, 2278),
       (1172, 2279),
       (886, 2279),
       (647, 2279),
       (329, 2279),
       (637, 2279),
       (15, 2279),
       (704, 2280),
       (960, 2280),
       (884, 2280),
       (634, 2280),
       (987, 2280),
       (923, 2280),
       (1135, 2280),
       (255, 2280),
       (79, 2280),
       (273, 2281),
       (242, 2281),
       (1106, 2281),
       (147, 2281),
       (332, 2281),
       (1020, 2281),
       (176, 2282),
       (556, 2282),
       (815, 2282),
       (1040, 2283),
       (992, 2284),
       (849, 2284),
       (645, 2284),
       (133, 2284),
       (935, 2284),
       (953, 2284),
       (779, 2284),
       (557, 2284),
       (254, 2284),
       (69, 2285),
       (1038, 2285),
       (463, 2285),
       (1120, 2286),
       (752, 2286),
       (548, 2286),
       (469, 2286),
       (517, 2286),
       (949, 2286),
       (328, 2286),
       (247, 2287),
       (154, 2287),
       (637, 2287),
       (913, 2288),
       (864, 2289),
       (721, 2289),
       (866, 2289),
       (163, 2289),
       (563, 2289),
       (1044, 2289),
       (72, 2289),
       (1183, 2289),
       (47, 2289),
       (866, 2290),
       (322, 2290),
       (1189, 2290),
       (444, 2290),
       (510, 2290),
       (174, 2290),
       (1120, 2291),
       (321, 2291),
       (833, 2291),
       (499, 2291),
       (723, 2291),
       (788, 2291),
       (135, 2291),
       (479, 2291),
       (624, 2292),
       (1121, 2292),
       (129, 2292),
       (1077, 2292),
       (934, 2292),
       (520, 2292),
       (312, 2292),
       (1147, 2292),
       (926, 2292),
       (481, 2293),
       (273, 2293),
       (881, 2293),
       (1041, 2293),
       (84, 2293),
       (233, 2293),
       (123, 2293),
       (352, 2294),
       (996, 2294),
       (437, 2294),
       (726, 2294),
       (375, 2294),
       (584, 2294),
       (569, 2294),
       (380, 2294),
       (412, 2294),
       (1008, 2295),
       (227, 2295),
       (404, 2295),
       (1067, 2295),
       (216, 2296),
       (686, 2296),
       (129, 2297),
       (226, 2297),
       (1219, 2297),
       (139, 2297),
       (14, 2297),
       (656, 2298),
       (708, 2298),
       (788, 2298),
       (1034, 2298),
       (717, 2298),
       (1053, 2298),
       (1011, 2299),
       (1029, 2299),
       (615, 2299),
       (413, 2299),
       (1215, 2299),
       (373, 2300),
       (796, 2300),
       (477, 2300),
       (303, 2300),
       (337, 2301),
       (1082, 2301),
       (700, 2301),
       (172, 2301),
       (277, 2302),
       (151, 2302),
       (987, 2302),
       (1020, 2302),
       (355, 2303),
       (263, 2303),
       (640, 2304),
       (560, 2304),
       (1211, 2304),
       (1022, 2304),
       (174, 2304),
       (34, 2305),
       (564, 2305),
       (1029, 2305),
       (551, 2305),
       (873, 2305),
       (582, 2306),
       (727, 2306),
       (1073, 2307),
       (35, 2307),
       (24, 2307),
       (88, 2307),
       (458, 2307),
       (1034, 2307),
       (1180, 2307),
       (975, 2307),
       (175, 2307),
       (82, 2308),
       (694, 2308),
       (119, 2308),
       (1160, 2308),
       (1037, 2308),
       (703, 2309),
       (630, 2310),
       (454, 2311),
       (749, 2311),
       (1004, 2312),
       (957, 2312),
       (580, 2313),
       (724, 2313),
       (808, 2313),
       (1209, 2313),
       (1097, 2313),
       (1173, 2314),
       (28, 2314),
       (109, 2314),
       (788, 2315),
       (155, 2315),
       (268, 2315),
       (140, 2315),
       (992, 2316),
       (216, 2316),
       (490, 2316),
       (1149, 2316),
       (733, 2317),
       (209, 2318),
       (450, 2318),
       (1171, 2318),
       (244, 2318),
       (357, 2318),
       (470, 2318),
       (1162, 2318),
       (223, 2318),
       (945, 2319),
       (502, 2319),
       (1126, 2319),
       (935, 2319),
       (1097, 2319),
       (240, 2320),
       (672, 2320),
       (434, 2320),
       (139, 2320),
       (34, 2321),
       (339, 2321),
       (938, 2321),
       (139, 2321),
       (510, 2321),
       (863, 2321),
       (63, 2321),
       (1024, 2322),
       (1201, 2322),
       (1062, 2322),
       (1031, 2322),
       (615, 2322),
       (360, 2322),
       (393, 2322),
       (329, 2322),
       (689, 2323),
       (338, 2323),
       (146, 2323),
       (372, 2323),
       (103, 2323),
       (601, 2323),
       (394, 2323),
       (11, 2323),
       (1017, 2324),
       (937, 2324),
       (124, 2324),
       (1008, 2325),
       (584, 2325),
       (472, 2325),
       (697, 2325),
       (701, 2325),
       (1038, 2325),
       (928, 2326),
       (612, 2326),
       (935, 2326),
       (1161, 2326),
       (779, 2326),
       (540, 2326),
       (223, 2326),
       (676, 2327),
       (885, 2327),
       (614, 2327),
       (200, 2327),
       (585, 2327),
       (105, 2327),
       (154, 2327),
       (1131, 2327),
       (747, 2327),
       (368, 2328),
       (897, 2328),
       (868, 2328),
       (154, 2328),
       (284, 2328),
       (670, 2328),
       (1073, 2329),
       (195, 2329),
       (563, 2329),
       (1156, 2329),
       (118, 2329),
       (169, 2329),
       (603, 2329),
       (877, 2329),
       (333, 2329),
       (244, 2330),
       (832, 2331),
       (466, 2331),
       (344, 2331),
       (201, 2331),
       (793, 2331),
       (10, 2331),
       (396, 2331),
       (686, 2331),
       (463, 2331),
       (706, 2332),
       (1059, 2332),
       (1109, 2332),
       (663, 2332),
       (729, 2332),
       (634, 2332),
       (475, 2332),
       (943, 2332),
       (274, 2333),
       (2, 2333),
       (579, 2333),
       (1043, 2333),
       (154, 2333),
       (1019, 2333),
       (396, 2333),
       (175, 2333),
       (480, 2334),
       (263, 2334),
       (400, 2335),
       (883, 2335),
       (980, 2335),
       (358, 2335),
       (1030, 2335),
       (537, 2335),
       (1101, 2335),
       (723, 2336),
       (247, 2336),
       (718, 2336),
       (644, 2337),
       (1036, 2337),
       (694, 2338),
       (374, 2338),
       (524, 2338),
       (561, 2339),
       (962, 2339),
       (1075, 2339),
       (647, 2339),
       (156, 2339),
       (493, 2339),
       (1216, 2340),
       (401, 2340),
       (649, 2340),
       (970, 2340),
       (571, 2340),
       (1197, 2340),
       (366, 2340),
       (1172, 2341),
       (759, 2341),
       (40, 2341),
       (969, 2341),
       (591, 2341),
       (844, 2342),
       (477, 2342),
       (990, 2342),
       (624, 2343),
       (83, 2343),
       (292, 2343),
       (1033, 2343),
       (1210, 2343),
       (349, 2343),
       (1151, 2343),
       (30, 2344),
       (158, 2344),
       (957, 2345),
       (1167, 2345),
       (1103, 2345),
       (304, 2346),
       (1201, 2346),
       (439, 2346),
       (808, 2346),
       (140, 2346),
       (621, 2346),
       (607, 2346),
       (391, 2347),
       (191, 2348),
       (1025, 2349),
       (897, 2349),
       (619, 2349),
       (812, 2349),
       (285, 2349),
       (999, 2350),
       (395, 2350),
       (1103, 2350),
       (308, 2351),
       (213, 2351),
       (1033, 2351),
       (706, 2352),
       (932, 2352),
       (38, 2352),
       (620, 2352),
       (748, 2352),
       (413, 2352),
       (286, 2352),
       (766, 2352),
       (190, 2352),
       (665, 2353),
       (1082, 2353),
       (482, 2354),
       (195, 2354),
       (1077, 2354),
       (1205, 2354),
       (485, 2354),
       (188, 2354),
       (926, 2354),
       (399, 2354),
       (580, 2355),
       (1208, 2355),
       (910, 2355),
       (1010, 2356),
       (182, 2356),
       (392, 2356),
       (112, 2357),
       (657, 2357),
       (1137, 2357),
       (1000, 2357),
       (344, 2357),
       (473, 2357),
       (622, 2357),
       (625, 2358),
       (529, 2358),
       (435, 2358),
       (183, 2358),
       (57, 2358),
       (491, 2358),
       (1132, 2358),
       (141, 2358),
       (429, 2358),
       (548, 2359),
       (506, 2359),
       (268, 2359),
       (1133, 2359),
       (1081, 2360),
       (880, 2361),
       (1043, 2361),
       (35, 2361),
       (660, 2361),
       (794, 2361),
       (155, 2361),
       (44, 2361),
       (478, 2361),
       (560, 2362),
       (1216, 2362),
       (499, 2362),
       (771, 2362),
       (918, 2362),
       (486, 2362),
       (298, 2362),
       (349, 2362),
       (497, 2363),
       (1041, 2363),
       (712, 2363),
       (123, 2363),
       (928, 2364),
       (1152, 2364),
       (689, 2364),
       (5, 2364),
       (997, 2364),
       (630, 2364),
       (1162, 2364),
       (955, 2364),
       (539, 2364),
       (232, 2365),
       (234, 2365),
       (1180, 2365),
       (158, 2365),
       (132, 2366),
       (359, 2366),
       (1128, 2366),
       (776, 2366),
       (1049, 2366),
       (825, 2366),
       (749, 2366),
       (273, 2367),
       (306, 2367),
       (787, 2367),
       (404, 2367),
       (981, 2367),
       (774, 2367),
       (25, 2367),
       (222, 2367),
       (994, 2368),
       (353, 2369),
       (401, 2369),
       (198, 2369),
       (311, 2369),
       (473, 2369),
       (557, 2369),
       (1151, 2369),
       (1209, 2370),
       (25, 2370),
       (921, 2370),
       (571, 2370),
       (477, 2370),
       (1072, 2371),
       (1024, 2371),
       (739, 2371),
       (579, 2371),
       (8, 2371),
       (362, 2371),
       (202, 2371),
       (1195, 2371),
       (11, 2371),
       (1091, 2372),
       (360, 2372),
       (812, 2372),
       (524, 2372),
       (975, 2372),
       (944, 2373),
       (1105, 2373),
       (1059, 2373),
       (694, 2373),
       (634, 2373),
       (283, 2373),
       (494, 2373),
       (503, 2374),
       (280, 2374),
       (252, 2374),
       (276, 2375),
       (901, 2375),
       (6, 2375),
       (153, 2375),
       (124, 2375),
       (687, 2375),
       (400, 2376),
       (961, 2376),
       (657, 2376),
       (401, 2376),
       (226, 2376),
       (866, 2376),
       (565, 2376),
       (109, 2376),
       (797, 2376),
       (195, 2377),
       (371, 2377),
       (218, 2377),
       (618, 2377),
       (940, 2377),
       (237, 2377),
       (1022, 2377),
       (324, 2378),
       (436, 2378),
       (1045, 2378),
       (326, 2378),
       (460, 2378),
       (543, 2378),
       (55, 2379),
       (922, 2379),
       (701, 2379),
       (831, 2379),
       (671, 2379),
       (930, 2380),
       (435, 2380),
       (1043, 2380),
       (662, 2380),
       (220, 2380),
       (1200, 2381),
       (756, 2381),
       (38, 2381),
       (438, 2381),
       (442, 2381),
       (11, 2381),
       (348, 2381),
       (1153, 2382),
       (37, 2383),
       (1000, 2383),
       (8, 2383),
       (617, 2383),
       (969, 2383),
       (591, 2383),
       (208, 2384),
       (83, 2384),
       (276, 2384),
       (1013, 2384),
       (858, 2384),
       (27, 2384),
       (60, 2384),
       (733, 2384),
       (1149, 2384),
       (1203, 2385),
       (56, 2385),
       (808, 2385),
       (633, 2385),
       (395, 2385),
       (44, 2385),
       (1149, 2385),
       (128, 2386),
       (1042, 2386),
       (483, 2386),
       (324, 2386),
       (663, 2386),
       (861, 2386),
       (160, 2387),
       (962, 2387),
       (393, 2387),
       (332, 2387),
       (414, 2387),
       (1092, 2388),
       (1076, 2388),
       (1109, 2388),
       (956, 2388),
       (774, 2389),
       (566, 2389),
       (794, 2389),
       (1198, 2389),
       (566, 2390),
       (365, 2390),
       (81, 2391),
       (1013, 2391),
       (600, 2391),
       (424, 2391),
       (1113, 2391),
       (233, 2391),
       (1211, 2391),
       (475, 2391),
       (802, 2392),
       (1042, 2392),
       (1088, 2393),
       (1171, 2393),
       (9, 2393),
       (502, 2394),
       (886, 2394),
       (120, 2394),
       (233, 2394),
       (185, 2394),
       (778, 2394),
       (961, 2395),
       (897, 2395),
       (134, 2395),
       (40, 2395),
       (9, 2395),
       (1081, 2395),
       (300, 2395),
       (29, 2395),
       (1074, 2396),
       (773, 2396),
       (891, 2396),
       (557, 2396),
       (416, 2397),
       (436, 2397),
       (391, 2397),
       (281, 2397),
       (411, 2397),
       (238, 2397),
       (805, 2398),
       (759, 2398),
       (392, 2398),
       (970, 2398),
       (362, 2398),
       (795, 2398),
       (1019, 2398),
       (1164, 2398),
       (222, 2398),
       (1008, 2399),
       (242, 2399),
       (1189, 2399),
       (566, 2399),
       (646, 2399),
       (635, 2399),
       (508, 2399),
       (908, 2399),
       (911, 2399),
       (865, 2400),
       (849, 2400),
       (882, 2400),
       (339, 2400),
       (1083, 2400),
       (704, 2401),
       (969, 2401),
       (443, 2401),
       (738, 2402),
       (307, 2402),
       (438, 2402),
       (1129, 2402),
       (649, 2402),
       (252, 2402),
       (172, 2402),
       (685, 2402),
       (157, 2402),
       (594, 2403),
       (885, 2403),
       (664, 2403),
       (828, 2404),
       (750, 2404),
       (159, 2404),
       (851, 2405),
       (566, 2405),
       (986, 2405),
       (159, 2405),
       (845, 2406),
       (223, 2406),
       (834, 2407),
       (726, 2407),
       (454, 2407),
       (632, 2407),
       (217, 2407),
       (1082, 2407),
       (1050, 2407),
       (332, 2407),
       (398, 2407),
       (421, 2408),
       (65, 2409),
       (502, 2409),
       (854, 2409),
       (1104, 2410),
       (1187, 2410),
       (197, 2410),
       (135, 2410),
       (968, 2410),
       (1177, 2410),
       (764, 2410),
       (252, 2410),
       (975, 2410),
       (1106, 2411),
       (1219, 2411),
       (211, 2411),
       (183, 2411),
       (526, 2411),
       (399, 2411),
       (435, 2412),
       (693, 2412),
       (567, 2412),
       (622, 2412),
       (1042, 2413),
       (474, 2413),
       (1159, 2414),
       (960, 2415),
       (215, 2415),
       (487, 2415),
       (600, 2415),
       (1144, 2415),
       (409, 2415),
       (186, 2415),
       (677, 2416),
       (952, 2416),
       (1048, 2416),
       (712, 2416),
       (473, 2416),
       (1130, 2416),
       (26, 2416),
       (972, 2416),
       (192, 2417),
       (962, 2417),
       (1124, 2417),
       (645, 2417),
       (821, 2417),
       (1143, 2417),
       (1133, 2417),
       (526, 2417),
       (1152, 2418),
       (688, 2419),
       (1090, 2419),
       (229, 2419),
       (842, 2419),
       (816, 2420),
       (193, 2420),
       (388, 2420),
       (373, 2420),
       (710, 2420),
       (221, 2420),
       (814, 2420),
       (1137, 2421),
       (1027, 2421),
       (789, 2421),
       (1173, 2421),
       (413, 2421),
       (529, 2422),
       (3, 2423),
       (134, 2423),
       (711, 2423),
       (90, 2423),
       (642, 2424),
       (1060, 2424),
       (779, 2424),
       (475, 2424),
       (320, 2425),
       (1178, 2426),
       (1121, 2427),
       (753, 2427),
       (837, 2427),
       (933, 2427),
       (998, 2427),
       (103, 2427),
       (617, 2427),
       (225, 2428),
       (468, 2428),
       (75, 2428),
       (1134, 2428),
       (527, 2428),
       (722, 2429),
       (84, 2429),
       (217, 2429),
       (575, 2429),
       (163, 2430),
       (256, 2431),
       (337, 2431),
       (21, 2431),
       (808, 2431),
       (795, 2431),
       (1100, 2431),
       (686, 2431),
       (1199, 2431),
       (384, 2432),
       (338, 2432),
       (1108, 2432),
       (36, 2432),
       (1046, 2432),
       (855, 2432),
       (363, 2432),
       (110, 2432),
       (1007, 2432),
       (1073, 2433),
       (1187, 2433),
       (743, 2433),
       (413, 2433),
       (78, 2433),
       (719, 2433),
       (360, 2434),
       (30, 2434),
       (1038, 2434),
       (734, 2434),
       (1199, 2434),
       (323, 2435),
       (344, 2435),
       (810, 2435),
       (1162, 2435),
       (911, 2435),
       (337, 2436),
       (802, 2436),
       (234, 2436),
       (746, 2436),
       (461, 2436),
       (225, 2437),
       (215, 2437),
       (616, 2437),
       (634, 2437),
       (670, 2437),
       (1043, 2438),
       (496, 2439),
       (561, 2439),
       (642, 2439),
       (83, 2439),
       (390, 2439),
       (807, 2439),
       (921, 2439),
       (668, 2439),
       (45, 2439),
       (835, 2440),
       (358, 2440),
       (327, 2441),
       (328, 2441),
       (1064, 2441),
       (1211, 2441),
       (1004, 2441),
       (1073, 2442),
       (209, 2442),
       (1204, 2442),
       (617, 2442),
       (25, 2442),
       (970, 2442),
       (398, 2442),
       (464, 2443),
       (644, 2443),
       (550, 2443),
       (344, 2443),
       (196, 2444),
       (837, 2444),
       (214, 2444),
       (220, 2444),
       (670, 2444),
       (402, 2445),
       (114, 2446),
       (164, 2446),
       (965, 2446),
       (296, 2446),
       (425, 2446),
       (1008, 2447),
       (130, 2447),
       (616, 2447),
       (520, 2447),
       (569, 2447),
       (178, 2448),
       (502, 2448),
       (375, 2448),
       (472, 2448),
       (1073, 2449),
       (91, 2449),
       (337, 2450),
       (980, 2450),
       (309, 2450),
       (1056, 2451),
       (1073, 2451),
       (194, 2451),
       (323, 2451),
       (663, 2451),
       (777, 2451),
       (1018, 2451),
       (803, 2452),
       (947, 2452),
       (968, 2452),
       (698, 2452),
       (989, 2452),
       (830, 2452),
       (526, 2452),
       (430, 2452),
       (688, 2453),
       (400, 2453),
       (762, 2453),
       (315, 2453),
       (530, 2454),
       (1189, 2454),
       (405, 2454),
       (568, 2454),
       (633, 2454),
       (57, 2454),
       (349, 2454),
       (29, 2454),
       (687, 2454),
       (1153, 2455),
       (299, 2455),
       (948, 2456),
       (775, 2456),
       (956, 2456),
       (700, 2456),
       (1022, 2456),
       (546, 2457),
       (605, 2457),
       (894, 2457),
       (575, 2457),
       (1218, 2458),
       (788, 2458),
       (758, 2458),
       (70, 2458),
       (474, 2458),
       (700, 2458),
       (640, 2459),
       (916, 2459),
       (1204, 2459),
       (452, 2459),
       (888, 2459),
       (938, 2459),
       (1084, 2459),
       (335, 2459),
       (932, 2460),
       (916, 2460),
       (665, 2460),
       (938, 2460),
       (1023, 2460),
       (48, 2461),
       (96, 2461),
       (1153, 2461),
       (498, 2461),
       (502, 2461),
       (871, 2461),
       (269, 2461),
       (62, 2461),
       (587, 2462),
       (577, 2463),
       (531, 2463),
       (888, 2463),
       (637, 2463),
       (32, 2464),
       (704, 2464),
       (641, 2464),
       (20, 2464),
       (1157, 2464),
       (726, 2464),
       (710, 2464),
       (683, 2464),
       (283, 2464),
       (1090, 2465),
       (356, 2465),
       (1207, 2465),
       (153, 2465),
       (221, 2465),
       (549, 2466),
       (855, 2466),
       (359, 2466),
       (568, 2466),
       (632, 2466),
       (442, 2466),
       (1215, 2466),
       (99, 2467),
       (619, 2467),
       (15, 2467),
       (386, 2468),
       (147, 2468),
       (293, 2468),
       (549, 2468),
       (185, 2468),
       (154, 2468),
       (220, 2468),
       (797, 2468),
       (198, 2469),
       (406, 2469),
       (369, 2470),
       (1138, 2470),
       (533, 2470),
       (664, 2470),
       (472, 2470),
       (1131, 2470),
       (252, 2470),
       (237, 2470),
       (1214, 2470),
       (162, 2471),
       (710, 2471),
       (306, 2472),
       (373, 2472),
       (311, 2472),
       (875, 2472),
       (45, 2472),
       (213, 2473),
       (1158, 2473),
       (232, 2473),
       (953, 2473),
       (1006, 2473),
       (689, 2474),
       (547, 2474),
       (486, 2474),
       (1145, 2474),
       (426, 2474),
       (876, 2474),
       (815, 2474),
       (755, 2475),
       (579, 2475),
       (790, 2475),
       (42, 2475),
       (635, 2475),
       (9, 2476),
       (970, 2476),
       (157, 2476),
       (640, 2477),
       (1092, 2477),
       (776, 2477),
       (955, 2477),
       (588, 2477),
       (1084, 2477),
       (832, 2478),
       (802, 2478),
       (616, 2478),
       (475, 2478),
       (448, 2479),
       (658, 2479),
       (786, 2479),
       (487, 2479),
       (56, 2479),
       (667, 2479),
       (670, 2479),
       (1138, 2480),
       (1059, 2480),
       (980, 2480),
       (357, 2480),
       (524, 2480),
       (253, 2480),
       (638, 2480),
       (399, 2480),
       (449, 2481),
       (1089, 2481),
       (723, 2481),
       (1066, 2481),
       (908, 2481),
       (320, 2482),
       (674, 2482),
       (1172, 2482),
       (215, 2482),
       (232, 2482),
       (538, 2482),
       (107, 2482),
       (943, 2482),
       (608, 2483),
       (913, 2483),
       (1026, 2483),
       (851, 2483),
       (499, 2483),
       (981, 2483),
       (108, 2483),
       (816, 2484),
       (265, 2484),
       (401, 2485),
       (226, 2485),
       (573, 2485),
       (464, 2486),
       (200, 2486),
       (152, 2486),
       (232, 2486),
       (1002, 2486),
       (282, 2486),
       (940, 2486),
       (606, 2486),
       (1039, 2486),
       (983, 2487),
       (154, 2487),
       (203, 2487),
       (454, 2488),
       (950, 2488),
       (103, 2488),
       (170, 2488),
       (1073, 2489),
       (1156, 2489),
       (760, 2489),
       (461, 2489),
       (1149, 2489),
       (350, 2489),
       (1216, 2490),
       (1061, 2491),
       (215, 2491),
       (1082, 2491),
       (462, 2491),
       (360, 2492),
       (861, 2492),
       (142, 2492),
       (143, 2492),
       (1028, 2493),
       (448, 2494),
       (721, 2494),
       (5, 2494),
       (1208, 2494),
       (137, 2494),
       (1195, 2494),
       (28, 2494),
       (847, 2494),
       (751, 2494),
       (705, 2495),
       (898, 2495),
       (981, 2495),
       (293, 2495),
       (568, 2495),
       (328, 2495),
       (286, 2495),
       (799, 2495),
       (855, 2496),
       (305, 2497),
       (82, 2497),
       (979, 2497),
       (740, 2497),
       (27, 2497),
       (527, 2497),
       (753, 2498),
       (505, 2498),
       (204, 2498),
       (498, 2499),
       (293, 2499),
       (1207, 2499),
       (439, 2499),
       (412, 2499),
       (13, 2499),
       (62, 2499),
       (689, 2500),
       (707, 2500),
       (565, 2500),
       (266, 2500),
       (333, 2500),
       (610, 2501),
       (659, 2501),
       (696, 2501),
       (104, 2501),
       (713, 2501),
       (75, 2501),
       (1180, 2501),
       (285, 2501),
       (1102, 2501),
       (769, 2502),
       (458, 2502),
       (1170, 2503),
       (707, 2503),
       (73, 2503),
       (601, 2503),
       (186, 2503),
       (348, 2503),
       (357, 2504),
       (934, 2504),
       (1159, 2504),
       (313, 2504),
       (794, 2504),
       (570, 2504),
       (298, 2504),
       (571, 2504),
       (462, 2504),
       (1154, 2505),
       (561, 2506),
       (593, 2507),
       (518, 2507),
       (263, 2507),
       (442, 2507),
       (666, 2507),
       (443, 2507),
       (30, 2507),
       (895, 2507),
       (64, 2508),
       (1184, 2509),
       (533, 2509),
       (6, 2509),
       (966, 2509),
       (935, 2509),
       (152, 2509),
       (138, 2509),
       (350, 2509),
       (1104, 2510),
       (944, 2510),
       (114, 2510),
       (66, 2510),
       (308, 2510),
       (1208, 2510),
       (284, 2510),
       (445, 2510),
       (862, 2510),
       (1123, 2511),
       (665, 2511),
       (250, 2511),
       (467, 2512),
       (214, 2512),
       (472, 2512),
       (1002, 2512),
       (863, 2512),
       (693, 2513),
       (237, 2513),
       (175, 2513),
       (383, 2513),
       (464, 2514),
       (17, 2514),
       (707, 2514),
       (1156, 2514),
       (471, 2514),
       (460, 2514),
       (156, 2514),
       (1021, 2514),
       (238, 2514),
       (1173, 2515),
       (1174, 2515),
       (567, 2515),
       (999, 2516),
       (264, 2516),
       (1001, 2516),
       (682, 2516),
       (1053, 2516),
       (899, 2517),
       (1035, 2517),
       (861, 2517),
       (1168, 2518),
       (977, 2518),
       (193, 2518),
       (711, 2518),
       (877, 2518),
       (1124, 2519),
       (1204, 2519),
       (278, 2519),
       (1096, 2519),
       (1192, 2519),
       (250, 2519),
       (639, 2519),
       (570, 2520),
       (394, 2520),
       (1025, 2521),
       (1217, 2521),
       (967, 2521),
       (311, 2521),
       (58, 2521),
       (859, 2521),
       (539, 2521),
       (972, 2521),
       (659, 2522),
       (1139, 2522),
       (148, 2522),
       (199, 2522),
       (938, 2522),
       (363, 2522),
       (540, 2522),
       (461, 2522),
       (157, 2522),
       (232, 2523),
       (556, 2524),
       (161, 2525),
       (3, 2525),
       (436, 2525),
       (793, 2525),
       (58, 2525),
       (698, 2525),
       (1083, 2525),
       (783, 2525),
       (929, 2526),
       (52, 2526),
       (928, 2527),
       (513, 2527),
       (593, 2527),
       (452, 2527),
       (564, 2527),
       (377, 2527),
       (929, 2528),
       (600, 2528),
       (617, 2528),
       (371, 2529),
       (4, 2529),
       (39, 2529),
       (727, 2529),
       (265, 2529),
       (876, 2529),
       (575, 2529),
       (351, 2529),
       (678, 2530),
       (366, 2530),
       (437, 2531),
       (632, 2531),
       (233, 2531),
       (1006, 2531),
       (565, 2532),
       (581, 2532),
       (972, 2532),
       (704, 2533),
       (960, 2533),
       (309, 2533),
       (85, 2533),
       (934, 2533),
       (983, 2533),
       (168, 2533),
       (379, 2533),
       (877, 2533),
       (886, 2534),
       (664, 2534),
       (223, 2534),
       (1012, 2535),
       (918, 2535),
       (1204, 2536),
       (1157, 2536),
       (661, 2536),
       (9, 2536),
       (11, 2536),
       (1027, 2537),
       (202, 2537),
       (558, 2537),
       (382, 2537),
       (449, 2538),
       (165, 2538),
       (1070, 2538),
       (1211, 2539),
       (451, 2540),
       (852, 2540),
       (468, 2540),
       (168, 2540),
       (580, 2541),
       (248, 2541),
       (537, 2541),
       (426, 2541),
       (842, 2541),
       (989, 2541),
       (1186, 2542),
       (100, 2542),
       (330, 2542),
       (538, 2542),
       (944, 2543),
       (457, 2543),
       (320, 2544),
       (245, 2544),
       (199, 2544),
       (332, 2544),
       (381, 2544),
       (237, 2544),
       (1054, 2544),
       (867, 2545),
       (277, 2545),
       (854, 2545),
       (1048, 2545),
       (184, 2545),
       (682, 2545),
       (862, 2545),
       (961, 2546),
       (691, 2546),
       (39, 2546),
       (1016, 2546),
       (328, 2546),
       (1049, 2546),
       (506, 2546),
       (687, 2546),
       (531, 2547),
       (425, 2548),
       (986, 2548),
       (1004, 2548),
       (1125, 2549),
       (226, 2550),
       (1124, 2550),
       (760, 2550),
       (766, 2550),
       (414, 2550),
       (529, 2551),
       (67, 2551),
       (84, 2551),
       (870, 2551),
       (623, 2551),
       (135, 2552),
       (1005, 2552),
       (766, 2552),
       (1216, 2553),
       (704, 2553),
       (241, 2553),
       (1172, 2553),
       (341, 2553),
       (585, 2553),
       (1181, 2553),
       (1085, 2553),
       (367, 2553),
       (864, 2554),
       (83, 2554),
       (323, 2554),
       (932, 2554),
       (1095, 2554),
       (23, 2554),
       (680, 2554),
       (364, 2554),
       (318, 2554),
       (555, 2555),
       (1143, 2556),
       (743, 2556),
       (252, 2556),
       (1166, 2556),
       (898, 2557),
       (646, 2557),
       (486, 2557),
       (393, 2557),
       (26, 2557),
       (543, 2557),
       (678, 2558),
       (33, 2559),
       (1156, 2559),
       (1192, 2559),
       (349, 2559),
       (1021, 2559),
       (1097, 2560),
       (201, 2560),
       (171, 2560),
       (12, 2560),
       (444, 2560),
       (61, 2560),
       (1006, 2560),
       (561, 2561),
       (964, 2561),
       (659, 2562),
       (114, 2563),
       (194, 2563),
       (931, 2563),
       (1097, 2563),
       (411, 2563),
       (589, 2563),
       (143, 2563),
       (866, 2564),
       (167, 2564),
       (713, 2564),
       (797, 2564),
       (979, 2565),
       (329, 2565),
       (1218, 2566),
       (227, 2566),
       (1174, 2566),
       (1078, 2566),
       (952, 2566),
       (1061, 2567),
       (614, 2567),
       (806, 2567),
       (758, 2567),
       (22, 2567),
       (1018, 2567),
       (1034, 2567),
       (252, 2567),
       (1118, 2567),
       (993, 2568),
       (803, 2568),
       (870, 2568),
       (601, 2568),
       (297, 2568),
       (334, 2568),
       (126, 2568),
       (401, 2569),
       (1174, 2569),
       (470, 2569),
       (551, 2569),
       (379, 2569),
       (156, 2569),
       (444, 2569),
       (350, 2569),
       (367, 2569),
       (785, 2570),
       (803, 2570),
       (937, 2570),
       (44, 2570),
       (903, 2571),
       (319, 2571),
       (1023, 2571),
       (592, 2572),
       (372, 2572),
       (916, 2572),
       (485, 2572),
       (793, 2572),
       (75, 2572),
       (496, 2573),
       (596, 2573),
       (997, 2573),
       (465, 2574),
       (449, 2574),
       (67, 2574),
       (1110, 2574),
       (294, 2574),
       (602, 2574),
       (188, 2574),
       (189, 2574),
       (256, 2575),
       (820, 2575),
       (358, 2575),
       (1146, 2575),
       (619, 2575),
       (844, 2575),
       (540, 2575),
       (1183, 2576),
       (811, 2577),
       (126, 2577),
       (1152, 2578),
       (929, 2578),
       (730, 2578),
       (590, 2578),
       (1182, 2578),
       (1055, 2578),
       (529, 2579),
       (997, 2579),
       (743, 2579),
       (267, 2579),
       (675, 2580),
       (1080, 2580),
       (216, 2580),
       (824, 2580),
       (984, 2580),
       (585, 2580),
       (539, 2580),
       (781, 2580),
       (1118, 2580),
       (675, 2581),
       (197, 2581),
       (1125, 2581),
       (1096, 2581),
       (91, 2581),
       (620, 2581),
       (1135, 2581),
       (50, 2582),
       (435, 2582),
       (117, 2582),
       (182, 2582),
       (400, 2583),
       (16, 2583),
       (529, 2583),
       (427, 2583),
       (779, 2583),
       (1087, 2583),
       (579, 2584),
       (299, 2584),
       (171, 2584),
       (541, 2584),
       (272, 2585),
       (726, 2585),
       (790, 2585),
       (694, 2585),
       (109, 2585),
       (670, 2585),
       (1056, 2586),
       (1172, 2586),
       (1046, 2586),
       (999, 2586),
       (440, 2586),
       (411, 2586),
       (1129, 2587),
       (1152, 2588),
       (114, 2588),
       (996, 2588),
       (21, 2588),
       (1206, 2588),
       (1130, 2588),
       (74, 2588),
       (79, 2588),
       (81, 2589),
       (229, 2589),
       (565, 2589),
       (474, 2589),
       (603, 2589),
       (268, 2589),
       (514, 2590),
       (307, 2590),
       (24, 2590),
       (521, 2590),
       (1003, 2590),
       (1088, 2591),
       (1042, 2591),
       (212, 2591),
       (1128, 2591),
       (381, 2591),
       (1024, 2592),
       (162, 2592),
       (1128, 2592),
       (96, 2593),
       (1092, 2593),
       (965, 2593),
       (587, 2593),
       (124, 2593),
       (285, 2593),
       (447, 2593),
       (975, 2593),
       (1125, 2594),
       (86, 2594),
       (487, 2594),
       (104, 2594),
       (1148, 2594),
       (172, 2594),
       (1105, 2595),
       (866, 2595),
       (3, 2595),
       (310, 2595),
       (346, 2595),
       (684, 2595),
       (1184, 2596),
       (853, 2596),
       (1004, 2596),
       (876, 2596),
       (431, 2596),
       (531, 2597),
       (324, 2597),
       (260, 2597),
       (951, 2597),
       (152, 2597),
       (41, 2597),
       (284, 2597),
       (685, 2597),
       (14, 2597),
       (3, 2598),
       (857, 2598),
       (347, 2598),
       (589, 2598),
       (500, 2599),
       (1032, 2599),
       (1114, 2599),
       (877, 2599),
       (704, 2600),
       (130, 2600),
       (1187, 2600),
       (837, 2600),
       (166, 2600),
       (664, 2600),
       (442, 2600),
       (508, 2600),
       (589, 2600),
       (1144, 2601),
       (909, 2601),
       (1057, 2602),
       (1092, 2602),
       (790, 2602),
       (460, 2602),
       (1197, 2602),
       (1086, 2602),
       (1054, 2602),
       (286, 2602),
       (353, 2603),
       (531, 2603),
       (901, 2603),
       (246, 2603),
       (8, 2603),
       (234, 2603),
       (1195, 2603),
       (1180, 2603),
       (464, 2604),
       (880, 2604),
       (1, 2604),
       (758, 2604),
       (252, 2604),
       (973, 2604),
       (1200, 2605),
       (114, 2605),
       (1204, 2605),
       (741, 2605),
       (473, 2605),
       (1132, 2605),
       (989, 2605),
       (239, 2605),
       (544, 2606),
       (1024, 2606),
       (385, 2606),
       (386, 2606),
       (727, 2606),
       (153, 2606),
       (651, 2606),
       (381, 2606),
       (599, 2607),
       (790, 2608),
       (1079, 2608),
       (215, 2608),
       (265, 2608),
       (589, 2608),
       (670, 2608),
       (382, 2608),
       (79, 2608),
       (209, 2609),
       (932, 2609),
       (407, 2609),
       (651, 2609),
       (639, 2609),
       (610, 2610),
       (208, 2611),
       (498, 2611),
       (709, 2611),
       (763, 2611),
       (299, 2611),
       (44, 2611),
       (368, 2612),
       (1104, 2612),
       (468, 2612),
       (821, 2612),
       (614, 2612),
       (74, 2612),
       (381, 2612),
       (318, 2612),
       (14, 2612),
       (1137, 2613),
       (646, 2613),
       (423, 2613),
       (55, 2614),
       (603, 2614),
       (912, 2615),
       (626, 2615),
       (358, 2615),
       (103, 2615),
       (968, 2615),
       (698, 2615),
       (285, 2615),
       (878, 2615),
       (1135, 2615),
       (16, 2616),
       (979, 2617),
       (759, 2617),
       (9, 2617),
       (250, 2617),
       (134, 2618),
       (70, 2618),
       (567, 2618),
       (8, 2618),
       (504, 2618),
       (824, 2618),
       (955, 2618),
       (749, 2618),
       (846, 2618),
       (163, 2619),
       (1157, 2619),
       (313, 2619),
       (922, 2619),
       (79, 2619),
       (595, 2620),
       (132, 2620),
       (309, 2620),
       (949, 2620),
       (1146, 2620),
       (283, 2620),
       (1004, 2620),
       (959, 2620),
       (600, 2621),
       (1064, 2621),
       (326, 2622),
       (770, 2623),
       (194, 2623),
       (70, 2623),
       (566, 2623),
       (504, 2623),
       (1208, 2623),
       (889, 2623),
       (1147, 2623),
       (316, 2623),
       (634, 2624),
       (1148, 2624),
       (1105, 2625),
       (745, 2625),
       (1088, 2626),
       (626, 2626),
       (660, 2626),
       (1034, 2626),
       (266, 2626),
       (834, 2627),
       (262, 2627),
       (170, 2627),
       (394, 2627),
       (1104, 2628),
       (689, 2628),
       (1218, 2628),
       (1013, 2628),
       (557, 2628),
       (1024, 2629),
       (530, 2629),
       (1096, 2629),
       (201, 2629),
       (697, 2629),
       (129, 2630),
       (1107, 2630),
       (723, 2630),
       (392, 2630),
       (185, 2630),
       (906, 2630),
       (236, 2630),
       (856, 2631),
       (684, 2631),
       (1152, 2632),
       (34, 2632),
       (995, 2632),
       (308, 2632),
       (580, 2632),
       (1109, 2632),
       (984, 2632),
       (1100, 2632),
       (96, 2633),
       (580, 2633),
       (900, 2633),
       (890, 2633),
       (1051, 2633),
       (332, 2633),
       (1087, 2633),
       (47, 2633),
       (143, 2633),
       (417, 2634),
       (177, 2634),
       (437, 2634),
       (1010, 2635),
       (551, 2635),
       (935, 2635),
       (168, 2635),
       (128, 2636),
       (733, 2636),
       (1110, 2637),
       (562, 2638),
       (999, 2638),
       (1097, 2638),
       (989, 2638),
       (767, 2638),
       (438, 2639),
       (762, 2639),
       (1217, 2640),
       (602, 2640),
       (893, 2640),
       (1023, 2640),
       (557, 2641),
       (529, 2642),
       (1185, 2642),
       (1025, 2642),
       (691, 2642),
       (1077, 2642),
       (615, 2642),
       (696, 2642),
       (734, 2642),
       (244, 2643),
       (708, 2643),
       (133, 2643),
       (71, 2643),
       (985, 2643),
       (62, 2643),
       (31, 2643),
       (310, 2644),
       (247, 2644),
       (601, 2644),
       (857, 2644),
       (749, 2644),
       (1010, 2645),
       (1060, 2645),
       (836, 2645),
       (649, 2645),
       (347, 2645),
       (109, 2645),
       (958, 2645),
       (606, 2645),
       (718, 2645),
       (897, 2646),
       (147, 2646),
       (1014, 2646),
       (727, 2646),
       (825, 2646),
       (1101, 2646),
       (736, 2647),
       (449, 2647),
       (226, 2647),
       (1059, 2647),
       (115, 2647),
       (487, 2647),
       (985, 2647),
       (383, 2647),
       (177, 2648),
       (641, 2648),
       (273, 2648),
       (818, 2648),
       (660, 2648),
       (358, 2648),
       (632, 2648),
       (843, 2648),
       (813, 2648),
       (895, 2649),
       (706, 2650),
       (179, 2650),
       (871, 2650),
       (74, 2650),
       (390, 2651),
       (248, 2651),
       (921, 2651),
       (686, 2651),
       (656, 2652),
       (1024, 2652),
       (421, 2652),
       (619, 2652),
       (129, 2653),
       (87, 2653),
       (1130, 2653),
       (652, 2653),
       (476, 2653),
       (318, 2653),
       (958, 2653),
       (404, 2654),
       (1194, 2654),
       (843, 2654),
       (957, 2654),
       (1198, 2654),
       (707, 2655),
       (211, 2655),
       (131, 2655),
       (324, 2655),
       (1159, 2655),
       (1176, 2655),
       (194, 2656),
       (119, 2656),
       (1217, 2657),
       (550, 2657),
       (1127, 2657),
       (681, 2657),
       (95, 2657),
       (582, 2658),
       (647, 2658),
       (232, 2658),
       (554, 2658),
       (210, 2659),
       (1124, 2659),
       (1076, 2659),
       (876, 2659),
       (1102, 2659),
       (772, 2660),
       (249, 2660),
       (378, 2660),
       (890, 2660),
       (29, 2660),
       (792, 2661),
       (735, 2661),
       (837, 2662),
       (123, 2662),
       (528, 2663),
       (658, 2663),
       (1074, 2663),
       (903, 2663),
       (1084, 2663),
       (30, 2663),
       (1086, 2663),
       (1151, 2663),
       (536, 2664),
       (505, 2664),
       (313, 2664),
       (192, 2665),
       (497, 2665),
       (779, 2665),
       (219, 2665),
       (207, 2665),
       (1219, 2666),
       (84, 2666),
       (246, 2666),
       (168, 2666),
       (393, 2666),
       (764, 2666),
       (484, 2667),
       (806, 2667),
       (135, 2667),
       (199, 2667),
       (841, 2667),
       (875, 2667),
       (654, 2667),
       (207, 2667),
       (932, 2668),
       (774, 2668),
       (440, 2668),
       (522, 2668),
       (1083, 2668),
       (576, 2669),
       (1, 2669),
       (854, 2669),
       (503, 2669),
       (551, 2669),
       (600, 2669),
       (46, 2669),
       (463, 2669),
       (17, 2670),
       (1210, 2670),
       (635, 2670),
       (720, 2671),
       (688, 2671),
       (338, 2671),
       (19, 2671),
       (883, 2671),
       (307, 2671),
       (422, 2671),
       (103, 2671),
       (494, 2671),
       (1104, 2672),
       (514, 2672),
       (773, 2672),
       (1032, 2672),
       (857, 2672),
       (11, 2672),
       (647, 2673),
       (203, 2673),
       (702, 2673),
       (348, 2674),
       (1100, 2674),
       (864, 2675),
       (1090, 2675),
       (211, 2675),
       (1096, 2675),
       (121, 2675),
       (267, 2675),
       (284, 2675),
       (798, 2675),
       (784, 2676),
       (722, 2676),
       (307, 2676),
       (698, 2676),
       (874, 2677),
       (1148, 2677),
       (929, 2678),
       (608, 2679),
       (1050, 2679),
       (111, 2679),
       (912, 2680),
       (546, 2680),
       (435, 2680),
       (907, 2680),
       (177, 2681),
       (753, 2681),
       (850, 2681),
       (727, 2681),
       (1079, 2681),
       (108, 2681),
       (814, 2681),
       (593, 2682),
       (1157, 2682),
       (150, 2682),
       (1032, 2682),
       (1215, 2682),
       (55, 2683),
       (1051, 2683),
       (1124, 2684),
       (503, 2684),
       (87, 2684),
       (770, 2685),
       (386, 2685),
       (534, 2685),
       (214, 2685),
       (665, 2685),
       (395, 2685),
       (971, 2685),
       (846, 2685),
       (1118, 2685),
       (116, 2686),
       (792, 2686),
       (1100, 2686),
       (1116, 2686),
       (1133, 2686),
       (765, 2686),
       (463, 2686),
       (591, 2686),
       (181, 2687),
       (294, 2687),
       (555, 2687),
       (29, 2687),
       (93, 2687),
       (98, 2688),
       (642, 2689),
       (948, 2689),
       (324, 2689),
       (854, 2689),
       (87, 2689),
       (264, 2689),
       (488, 2689),
       (1212, 2689),
       (144, 2690),
       (290, 2690),
       (483, 2690),
       (499, 2690),
       (490, 2690),
       (304, 2691),
       (1107, 2691),
       (650, 2691),
       (912, 2692),
       (677, 2692),
       (85, 2692),
       (455, 2692),
       (120, 2692),
       (760, 2692),
       (888, 2692),
       (890, 2692),
       (207, 2692),
       (678, 2693),
       (89, 2693),
       (395, 2693),
       (187, 2693),
       (92, 2693),
       (703, 2693),
       (1177, 2694),
       (114, 2695),
       (980, 2695),
       (934, 2695),
       (665, 2695),
       (1055, 2695),
       (31, 2695),
       (354, 2696),
       (226, 2696),
       (1108, 2696),
       (1142, 2696),
       (247, 2696),
       (1050, 2696),
       (255, 2696),
       (354, 2697),
       (1124, 2697),
       (728, 2697),
       (906, 2697),
       (909, 2697),
       (240, 2698),
       (306, 2698),
       (691, 2698),
       (1011, 2698),
       (727, 2698),
       (952, 2698),
       (122, 2698),
       (762, 2698),
       (635, 2698),
       (738, 2699),
       (339, 2699),
       (935, 2699),
       (445, 2699),
       (222, 2699),
       (1134, 2699),
       (3, 2700),
       (628, 2700),
       (1064, 2700),
       (651, 2700),
       (188, 2700),
       (13, 2700),
       (158, 2700),
       (50, 2701),
       (1107, 2701),
       (371, 2701),
       (964, 2701),
       (1030, 2701),
       (329, 2701),
       (90, 2701),
       (495, 2701),
       (259, 2702),
       (329, 2702),
       (1130, 2703),
       (653, 2703),
       (801, 2704),
       (1154, 2704),
       (131, 2704),
       (963, 2704),
       (1061, 2704),
       (885, 2704),
       (405, 2704),
       (7, 2704),
       (283, 2704),
       (404, 2705),
       (1045, 2705),
       (539, 2705),
       (875, 2705),
       (988, 2705),
       (157, 2705),
       (765, 2705),
       (739, 2706),
       (246, 2706),
       (695, 2706),
       (393, 2706),
       (1084, 2706),
       (813, 2706),
       (670, 2706),
       (95, 2706),
       (159, 2706),
       (401, 2707),
       (71, 2707),
       (702, 2707),
       (1135, 2707),
       (463, 2707),
       (176, 2708),
       (512, 2708),
       (18, 2708),
       (515, 2708),
       (1157, 2708),
       (423, 2708),
       (719, 2708),
       (1028, 2709),
       (356, 2709),
       (614, 2709),
       (807, 2709),
       (135, 2709),
       (810, 2709),
       (298, 2709),
       (399, 2709),
       (112, 2710),
       (788, 2710),
       (440, 2710),
       (763, 2710),
       (1071, 2710),
       (770, 2711),
       (587, 2711),
       (1202, 2712),
       (229, 2712),
       (838, 2712),
       (72, 2712),
       (62, 2712),
       (1167, 2712),
       (177, 2713),
       (803, 2713),
       (1044, 2713),
       (436, 2713),
       (54, 2713),
       (60, 2713),
       (432, 2714),
       (96, 2714),
       (615, 2714),
       (623, 2714),
       (659, 2715),
       (805, 2715),
       (1125, 2715),
       (1062, 2715),
       (391, 2715),
       (1015, 2715),
       (11, 2715),
       (443, 2715),
       (590, 2715),
       (705, 2716),
       (56, 2716),
       (634, 2716),
       (1098, 2716),
       (656, 2717),
       (323, 2717),
       (1088, 2718),
       (64, 2718),
       (562, 2718),
       (930, 2718),
       (1092, 2718),
       (410, 2718),
       (315, 2718),
       (492, 2718),
       (1023, 2718),
       (789, 2719),
       (998, 2719),
       (215, 2719),
       (983, 2719),
       (680, 2719),
       (461, 2719),
       (287, 2719),
       (96, 2720),
       (246, 2720),
       (1005, 2720),
       (221, 2720),
       (29, 2720),
       (206, 2720),
       (194, 2721),
       (25, 2721),
       (362, 2721),
       (604, 2721),
       (60, 2721),
       (429, 2721),
       (605, 2721),
       (1039, 2721),
       (304, 2722),
       (54, 2722),
       (54, 2723),
       (808, 2723),
       (265, 2724),
       (1021, 2724),
       (401, 2725),
       (97, 2725),
       (17, 2725),
       (877, 2725),
       (385, 2726),
       (967, 2726),
       (1112, 2726),
       (1052, 2726),
       (333, 2726),
       (1085, 2726),
       (1038, 2726),
       (46, 2726),
       (303, 2726),
       (864, 2727),
       (305, 2727),
       (1174, 2727),
       (90, 2727),
       (42, 2727),
       (621, 2727),
       (801, 2728),
       (647, 2728),
       (257, 2729),
       (241, 2729),
       (1139, 2729),
       (388, 2729),
       (358, 2729),
       (887, 2729),
       (698, 2729),
       (139, 2729),
       (492, 2729),
       (528, 2730),
       (715, 2730),
       (367, 2730),
       (609, 2731),
       (1054, 2731),
       (1009, 2732),
       (321, 2732),
       (802, 2732),
       (756, 2732),
       (773, 2732),
       (602, 2732),
       (928, 2733),
       (183, 2733),
       (1067, 2733),
       (27, 2733),
       (1166, 2733),
       (1154, 2734),
       (934, 2734),
       (55, 2734),
       (876, 2734),
       (957, 2734),
       (702, 2734),
       (1025, 2735),
       (641, 2735),
       (242, 2735),
       (1000, 2735),
       (554, 2735),
       (795, 2735),
       (44, 2735),
       (819, 2736),
       (214, 2736),
       (1144, 2736),
       (969, 2736),
       (842, 2736),
       (802, 2737),
       (343, 2737),
       (1088, 2738),
       (245, 2738),
       (645, 2738),
       (855, 2738),
       (1050, 2738),
       (733, 2738),
       (398, 2738),
       (638, 2738),
       (176, 2739),
       (242, 2740),
       (569, 2740),
       (891, 2740),
       (796, 2740),
       (397, 2740),
       (481, 2741),
       (513, 2741),
       (185, 2741),
       (377, 2741),
       (781, 2741),
       (1021, 2741),
       (1006, 2741),
       (303, 2741),
       (319, 2741),
       (160, 2742),
       (592, 2742),
       (766, 2742),
       (112, 2743),
       (73, 2743),
       (972, 2743),
       (684, 2743),
       (193, 2744),
       (289, 2745),
       (72, 2745),
       (472, 2745),
       (441, 2745),
       (219, 2745),
       (1163, 2745),
       (987, 2745),
       (1152, 2746),
       (167, 2746),
       (539, 2747),
       (103, 2748),
       (183, 2748),
       (762, 2748),
       (442, 2748),
       (461, 2748),
       (702, 2748),
       (868, 2749),
       (132, 2750),
       (39, 2750),
       (455, 2750),
       (907, 2750),
       (46, 2750),
       (47, 2750),
       (469, 2751),
       (1197, 2751),
       (100, 2752),
       (360, 2752),
       (801, 2753),
       (324, 2753),
       (11, 2753),
       (604, 2753),
       (547, 2754),
       (309, 2754),
       (373, 2754),
       (805, 2754),
       (520, 2754),
       (10, 2754),
       (826, 2754),
       (1167, 2754),
       (831, 2754),
       (178, 2755),
       (298, 2755),
       (572, 2755),
       (1149, 2755),
       (147, 2756),
       (1203, 2756),
       (716, 2756),
       (448, 2757),
       (289, 2757),
       (996, 2757),
       (1061, 2757),
       (120, 2757),
       (267, 2757),
       (1006, 2757),
       (622, 2757),
       (196, 2758),
       (635, 2758),
       (925, 2758),
       (958, 2758),
       (976, 2759),
       (848, 2759),
       (1140, 2759),
       (165, 2759),
       (59, 2759),
       (732, 2759),
       (339, 2760),
       (263, 2760),
       (157, 2760),
       (901, 2761),
       (103, 2761),
       (472, 2761),
       (906, 2761),
       (1119, 2761),
       (279, 2762),
       (235, 2763),
       (15, 2763),
       (513, 2764),
       (3, 2764),
       (516, 2764),
       (1141, 2764),
       (727, 2764),
       (250, 2764),
       (203, 2764),
       (285, 2764),
       (913, 2765),
       (889, 2765),
       (732, 2765),
       (205, 2765),
       (911, 2765),
       (914, 2766),
       (803, 2766),
       (919, 2766),
       (568, 2766),
       (699, 2766),
       (894, 2766),
       (1167, 2766),
       (116, 2767),
       (10, 2767),
       (876, 2767),
       (1200, 2768),
       (977, 2768),
       (133, 2768),
       (198, 2768),
       (105, 2768),
       (620, 2768),
       (685, 2768),
       (397, 2768),
       (334, 2768),
       (928, 2769),
       (553, 2769),
       (218, 2769),
       (283, 2770),
       (443, 2770),
       (926, 2770),
       (1103, 2770),
       (198, 2771),
       (648, 2771),
       (715, 2771),
       (765, 2771),
       (222, 2771),
       (402, 2772),
       (107, 2772),
       (445, 2772),
       (558, 2772),
       (559, 2772),
       (112, 2773),
       (440, 2773),
       (828, 2773),
       (1181, 2773),
       (320, 2774),
       (800, 2774),
       (578, 2774),
       (693, 2774),
       (550, 2774),
       (455, 2774),
       (1049, 2774),
       (429, 2774),
       (802, 2775),
       (851, 2775),
       (1000, 2775),
       (794, 2775),
       (924, 2775),
       (620, 2775),
       (990, 2775),
       (591, 2775),
       (80, 2776),
       (886, 2776),
       (1064, 2776),
       (642, 2777),
       (836, 2777),
       (958, 2777),
       (574, 2777),
       (63, 2777),
       (256, 2778),
       (112, 2778),
       (631, 2778),
       (493, 2778),
       (1006, 2778),
       (431, 2778),
       (207, 2778),
       (1186, 2779),
       (858, 2779),
       (723, 2780),
       (822, 2780),
       (952, 2780),
       (240, 2781),
       (898, 2781),
       (340, 2781),
       (1049, 2781),
       (667, 2781),
       (764, 2781),
       (865, 2782),
       (67, 2782),
       (996, 2782),
       (948, 2782),
       (374, 2782),
       (1100, 2782),
       (429, 2782),
       (47, 2782),
       (1207, 2783),
       (874, 2783),
       (606, 2784),
       (320, 2785),
       (786, 2785),
       (994, 2785),
       (1210, 2785),
       (795, 2785),
       (1036, 2785),
       (557, 2785),
       (559, 2785),
       (261, 2786),
       (238, 2786),
       (894, 2786),
       (994, 2787),
       (243, 2787),
       (1027, 2787),
       (227, 2787),
       (1060, 2787),
       (1063, 2787),
       (376, 2787),
       (377, 2787),
       (668, 2787),
       (224, 2788),
       (1202, 2788),
       (1203, 2788),
       (1008, 2789),
       (963, 2789),
       (533, 2789),
       (1095, 2789),
       (779, 2789),
       (156, 2789),
       (639, 2789),
       (1199, 2789),
       (289, 2790),
       (148, 2790),
       (212, 2790),
       (597, 2790),
       (837, 2790),
       (267, 2790),
       (331, 2790),
       (844, 2790),
       (1181, 2790),
       (957, 2791),
       (879, 2791),
       (1136, 2792),
       (995, 2792),
       (154, 2792),
       (219, 2792),
       (939, 2792),
       (427, 2792),
       (988, 2792),
       (942, 2792),
       (959, 2792),
       (580, 2793),
       (888, 2794),
       (280, 2794),
       (1064, 2794),
       (569, 2794),
       (938, 2794),
       (1051, 2794),
       (992, 2795),
       (898, 2795),
       (452, 2795),
       (22, 2795),
       (1066, 2795),
       (347, 2795),
       (542, 2795),
       (1075, 2796),
       (1190, 2796),
       (1116, 2796),
       (925, 2796),
       (846, 2796),
       (127, 2796),
       (223, 2796),
       (352, 2797),
       (882, 2797),
       (149, 2797),
       (23, 2797),
       (920, 2797),
       (761, 2797),
       (58, 2797),
       (732, 2797),
       (469, 2798),
       (377, 2798),
       (1100, 2798),
       (872, 2799),
       (717, 2799),
       (231, 2800),
       (793, 2800),
       (763, 2800),
       (589, 2800),
       (1118, 2800),
       (1215, 2800),
       (861, 2801),
       (272, 2802),
       (1184, 2803),
       (850, 2803),
       (276, 2803),
       (116, 2803),
       (1173, 2803),
       (133, 2803),
       (198, 2803),
       (362, 2803),
       (108, 2803),
       (1025, 2804),
       (1170, 2804),
       (531, 2804),
       (1028, 2804),
       (1030, 2804),
       (326, 2804),
       (727, 2804),
       (300, 2804),
       (972, 2804),
       (307, 2805),
       (934, 2805),
       (615, 2805),
       (1176, 2805),
       (3, 2806),
       (1107, 2806),
       (972, 2806),
       (140, 2806),
       (829, 2806),
       (989, 2806),
       (863, 2806),
       (160, 2807),
       (168, 2807),
       (809, 2807),
       (426, 2807),
       (1180, 2807),
       (1133, 2807),
       (45, 2807),
       (933, 2808),
       (341, 2808),
       (648, 2808),
       (892, 2808),
       (450, 2809),
       (1157, 2809),
       (327, 2809),
       (335, 2809),
       (1155, 2810),
       (711, 2810),
       (985, 2810),
       (796, 2810),
       (466, 2811),
       (692, 2811),
       (974, 2811),
       (912, 2812),
       (419, 2812),
       (1088, 2813),
       (834, 2813),
       (759, 2813),
       (584, 2813),
       (1132, 2813),
       (977, 2814),
       (993, 2814),
       (226, 2814),
       (1203, 2814),
       (707, 2814),
       (470, 2814),
       (1180, 2814),
       (45, 2814),
       (1165, 2815),
       (528, 2816),
       (561, 2816),
       (1042, 2816),
       (901, 2816),
       (1013, 2816),
       (393, 2816),
       (284, 2816),
       (1166, 2816),
       (633, 2817),
       (539, 2817),
       (491, 2817),
       (1102, 2817),
       (784, 2818),
       (161, 2818),
       (306, 2818),
       (648, 2818),
       (41, 2818),
       (507, 2818),
       (1071, 2818),
       (880, 2819),
       (1041, 2819),
       (534, 2819),
       (727, 2819),
       (825, 2819),
       (396, 2819),
       (481, 2820),
       (434, 2820),
       (770, 2820),
       (1155, 2820),
       (1158, 2820),
       (567, 2820),
       (699, 2820),
       (308, 2821),
       (580, 2821),
       (699, 2821),
       (979, 2822),
       (842, 2822),
       (781, 2822),
       (797, 2822),
       (2, 2823),
       (1188, 2823),
       (1101, 2823),
       (927, 2823),
       (1217, 2824),
       (327, 2824),
       (857, 2824),
       (748, 2824),
       (598, 2825),
       (341, 2826),
       (320, 2827),
       (209, 2827),
       (412, 2828),
       (350, 2829),
       (176, 2830),
       (835, 2830),
       (902, 2830),
       (1032, 2830),
       (682, 2830),
       (892, 2830),
       (147, 2831),
       (549, 2831),
       (406, 2831),
       (458, 2831),
       (1213, 2831),
       (336, 2832),
       (663, 2832),
       (816, 2833),
       (724, 2833),
       (791, 2833),
       (1054, 2833),
       (337, 2834),
       (465, 2834),
       (243, 2834),
       (1157, 2834),
       (1050, 2834),
       (492, 2834),
       (268, 2834),
       (260, 2835),
       (54, 2835),
       (970, 2835),
       (875, 2835),
       (572, 2835),
       (13, 2835),
       (497, 2836),
       (211, 2836),
       (758, 2836),
       (24, 2836),
       (809, 2836),
       (362, 2836),
       (188, 2836),
       (1103, 2836),
       (927, 2836),
       (178, 2837),
       (163, 2837),
       (404, 2837),
       (476, 2837),
       (975, 2837),
       (852, 2838),
       (124, 2838),
       (483, 2839),
       (1045, 2839),
       (677, 2839),
       (313, 2839),
       (570, 2839),
       (266, 2839),
       (875, 2839),
       (862, 2839),
       (732, 2840),
       (527, 2840),
       (786, 2841),
       (788, 2841),
       (198, 2841),
       (664, 2841),
       (209, 2842),
       (708, 2842),
       (1029, 2842),
       (97, 2843),
       (274, 2843),
       (419, 2843),
       (1096, 2843),
       (828, 2843),
       (30, 2843),
       (1185, 2844),
       (354, 2844),
       (562, 2844),
       (23, 2844),
       (250, 2844),
       (1037, 2844),
       (577, 2845),
       (1091, 2845),
       (1000, 2845),
       (876, 2845),
       (702, 2845),
       (959, 2845),
       (1216, 2846),
       (483, 2846),
       (681, 2846),
       (317, 2846),
       (1214, 2846),
       (560, 2847),
       (67, 2847),
       (1062, 2847),
       (201, 2847),
       (688, 2848),
       (914, 2848),
       (676, 2848),
       (549, 2848),
       (742, 2848),
       (603, 2848),
       (859, 2848),
       (1021, 2848),
       (319, 2848),
       (138, 2849),
       (411, 2849),
       (1036, 2849),
       (910, 2849),
       (193, 2850),
       (868, 2850),
       (436, 2850),
       (694, 2850),
       (296, 2850),
       (89, 2850),
       (525, 2850),
       (253, 2850),
       (1164, 2851),
       (221, 2851),
       (141, 2851),
       (142, 2851),
       (369, 2852),
       (161, 2852),
       (466, 2852),
       (1074, 2852),
       (533, 2852),
       (647, 2852),
       (24, 2852),
       (393, 2852),
       (1023, 2852),
       (897, 2853),
       (722, 2853),
       (901, 2853),
       (438, 2853),
       (1030, 2853),
       (73, 2853),
       (890, 2853),
       (922, 2853),
       (125, 2853),
       (368, 2854),
       (688, 2854),
       (547, 2854),
       (100, 2854),
       (1061, 2854),
       (1127, 2854),
       (267, 2854),
       (876, 2854),
       (861, 2854),
       (128, 2855),
       (852, 2855),
       (102, 2855),
       (551, 2855),
       (1064, 2855),
       (250, 2855),
       (869, 2856),
       (600, 2856),
       (761, 2856),
       (1146, 2856),
       (573, 2856),
       (931, 2857),
       (197, 2857),
       (71, 2857),
       (396, 2857),
       (381, 2857),
       (977, 2858),
       (753, 2858),
       (531, 2858),
       (726, 2858),
       (202, 2858),
       (203, 2858),
       (821, 2859),
       (1029, 2859),
       (582, 2859),
       (7, 2859),
       (973, 2859),
       (640, 2860),
       (193, 2860),
       (84, 2860),
       (471, 2860),
       (219, 2860),
       (926, 2860),
       (674, 2861),
       (51, 2861),
       (532, 2861),
       (272, 2862),
       (576, 2862),
       (657, 2862),
       (1185, 2862),
       (258, 2862),
       (725, 2862),
       (837, 2862),
       (328, 2862),
       (735, 2862),
       (656, 2863),
       (341, 2863),
       (935, 2863),
       (809, 2863),
       (426, 2863),
       (75, 2863),
       (44, 2863),
       (412, 2863),
       (383, 2863),
       (192, 2864),
       (707, 2864),
       (759, 2864),
       (398, 2864),
       (767, 2864),
       (815, 2864),
       (640, 2865),
       (164, 2865),
       (132, 2865),
       (181, 2865),
       (950, 2865),
       (839, 2865),
       (1194, 2865),
       (906, 2865),
       (583, 2866),
       (80, 2867),
       (129, 2867),
       (466, 2867),
       (843, 2867),
       (13, 2867),
       (1004, 2868),
       (804, 2869),
       (85, 2869),
       (366, 2869),
       (847, 2869),
       (777, 2870),
       (177, 2871),
       (403, 2871),
       (659, 2871),
       (918, 2871),
       (395, 2871),
       (283, 2871),
       (331, 2872),
       (620, 2872),
       (684, 2872),
       (415, 2872),
       (265, 2873),
       (1152, 2874),
       (128, 2874),
       (81, 2874),
       (386, 2874),
       (915, 2874),
       (357, 2874),
       (839, 2874),
       (300, 2874),
       (828, 2874),
       (1122, 2875),
       (936, 2875),
       (186, 2875),
       (43, 2875),
       (959, 2875),
       (563, 2876),
       (769, 2877),
       (567, 2877),
       (315, 2877),
       (1099, 2877),
       (1004, 2877),
       (380, 2877),
       (125, 2877),
       (1006, 2877),
       (975, 2877),
       (668, 2878),
       (432, 2879),
       (977, 2879),
       (1156, 2879),
       (69, 2879),
       (1117, 2879),
       (152, 2880),
       (701, 2880),
       (1167, 2880),
       (976, 2881),
       (530, 2881),
       (805, 2881),
       (501, 2881),
       (183, 2881),
       (521, 2881),
       (985, 2881),
       (42, 2881),
       (331, 2881),
       (498, 2882),
       (408, 2882),
       (1210, 2882),
       (706, 2883),
       (199, 2883),
       (536, 2883),
       (41, 2883),
       (1210, 2883),
       (282, 2883),
       (252, 2883),
       (125, 2883),
       (318, 2883),
       (32, 2884),
       (979, 2884),
       (211, 2884),
       (1188, 2884),
       (949, 2884),
       (406, 2884),
       (523, 2884),
       (354, 2885),
       (149, 2885),
       (245, 2885),
       (590, 2885),
       (96, 2886),
       (756, 2886),
       (420, 2886),
       (904, 2886),
       (856, 2886),
       (328, 2886),
       (924, 2886),
       (893, 2886),
       (449, 2887),
       (21, 2887),
       (1143, 2887),
       (1095, 2887),
       (1032, 2887),
       (217, 2887),
       (410, 2887),
       (1005, 2887),
       (1038, 2887),
       (704, 2888),
       (706, 2888),
       (905, 2888),
       (1181, 2888),
       (196, 2889),
       (1060, 2889),
       (902, 2889),
       (358, 2889),
       (230, 2889),
       (427, 2889),
       (141, 2889),
       (484, 2890),
       (838, 2890),
       (232, 2890),
       (681, 2890),
       (186, 2890),
       (1130, 2890),
       (814, 2890),
       (881, 2891),
       (707, 2891),
       (1123, 2891),
       (904, 2891),
       (1032, 2891),
       (824, 2891),
       (75, 2891),
       (125, 2891),
       (552, 2892),
       (344, 2892),
       (41, 2892),
       (425, 2892),
       (475, 2892),
       (918, 2893),
       (1031, 2893),
       (423, 2893),
       (875, 2893),
       (1003, 2893),
       (139, 2893),
       (1087, 2894),
       (899, 2895),
       (755, 2895),
       (1189, 2895),
       (96, 2896),
       (528, 2896),
       (417, 2896),
       (1169, 2896),
       (292, 2896),
       (533, 2896),
       (614, 2896),
       (376, 2896),
       (251, 2896),
       (451, 2897),
       (181, 2897),
       (264, 2897),
       (906, 2897),
       (506, 2897),
       (880, 2898),
       (693, 2898),
       (71, 2898),
       (1163, 2898),
       (79, 2898),
       (755, 2899),
       (678, 2899),
       (208, 2900),
       (194, 2900),
       (535, 2900),
       (1211, 2900),
       (815, 2900),
       (799, 2900),
       (1072, 2901),
       (551, 2901),
       (495, 2901),
       (79, 2901),
       (992, 2902),
       (242, 2902),
       (434, 2902),
       (818, 2902),
       (900, 2902),
       (742, 2902),
       (968, 2902),
       (702, 2902),
       (783, 2902),
       (928, 2903),
       (455, 2903),
       (524, 2903),
       (302, 2903),
       (724, 2904),
       (181, 2904),
       (1159, 2904),
       (40, 2904),
       (521, 2904),
       (811, 2904),
       (203, 2904),
       (987, 2904),
       (1087, 2904),
       (810, 2905),
       (444, 2905),
       (721, 2906),
       (909, 2906),
       (65, 2907),
       (1100, 2907),
       (769, 2908),
       (933, 2908),
       (1213, 2909),
       (721, 2910),
       (596, 2910),
       (1092, 2910),
       (966, 2910),
       (88, 2910),
       (969, 2910),
       (283, 2910),
       (780, 2910),
       (350, 2910),
       (485, 2911),
       (311, 2911),
       (683, 2911),
       (189, 2911),
       (1085, 2911),
       (512, 2912),
       (48, 2912),
       (817, 2912),
       (390, 2912),
       (1192, 2912),
       (872, 2912),
       (1176, 2912),
       (409, 2912),
       (1025, 2913),
       (238, 2913),
       (1, 2914),
       (177, 2914),
       (1032, 2914),
       (457, 2914),
       (210, 2915),
       (385, 2916),
       (837, 2916),
       (1159, 2916),
       (1018, 2916),
       (892, 2916),
       (1149, 2916),
       (926, 2916),
       (783, 2916),
       (625, 2917),
       (146, 2917),
       (1059, 2917),
       (1219, 2917),
       (790, 2918),
       (365, 2918),
       (398, 2918),
       (264, 2919),
       (131, 2920),
       (644, 2920),
       (710, 2920),
       (886, 2920),
       (391, 2920),
       (313, 2920),
       (969, 2920),
       (912, 2921),
       (306, 2921),
       (486, 2921),
       (280, 2921),
       (1016, 2921),
       (458, 2921),
       (506, 2921),
       (266, 2921),
       (315, 2921),
       (1057, 2922),
       (1187, 2922),
       (104, 2922),
       (254, 2922),
       (608, 2923),
       (320, 2923),
       (548, 2923),
       (708, 2923),
       (120, 2923),
       (652, 2923),
       (701, 2923),
       (308, 2924),
       (103, 2924),
       (889, 2924),
       (282, 2924),
       (78, 2924),
       (911, 2924),
       (1169, 2925),
       (995, 2925),
       (835, 2925),
       (460, 2925),
       (511, 2925),
       (305, 2926),
       (852, 2926),
       (1129, 2926),
       (572, 2926),
       (144, 2927),
       (598, 2927),
       (185, 2927),
       (451, 2928),
       (884, 2928),
       (232, 2928),
       (410, 2928),
       (842, 2928),
       (507, 2928),
       (483, 2929),
       (1219, 2929),
       (948, 2929),
       (967, 2929),
       (1192, 2929),
       (952, 2929),
       (105, 2929),
       (479, 2929),
       (226, 2930),
       (290, 2930),
       (869, 2930),
       (902, 2930),
       (1212, 2930),
       (270, 2930),
       (687, 2930),
       (147, 2931),
       (1046, 2931),
       (542, 2931),
       (1024, 2932),
       (1153, 2932),
       (823, 2932),
       (361, 2932),
       (1066, 2932),
       (59, 2932),
       (11, 2932),
       (271, 2932),
       (64, 2933),
       (1217, 2933),
       (5, 2933),
       (662, 2933),
       (39, 2933),
       (396, 2933),
       (14, 2933),
       (433, 2934),
       (610, 2934),
       (867, 2934),
       (902, 2934),
       (1143, 2934),
       (824, 2934),
       (616, 2934),
       (397, 2934),
       (290, 2935),
       (661, 2935),
       (680, 2935),
       (1002, 2935),
       (348, 2935),
       (188, 2936),
       (769, 2937),
       (213, 2937),
       (103, 2937),
       (712, 2937),
       (1002, 2937),
       (122, 2937),
       (203, 2937),
       (508, 2937),
       (1117, 2937),
       (806, 2938),
       (1115, 2938),
       (364, 2938),
       (366, 2938),
       (19, 2939),
       (452, 2939),
       (1046, 2939),
       (40, 2939),
       (185, 2939),
       (364, 2939),
       (913, 2940),
       (580, 2940),
       (343, 2940),
       (232, 2940),
       (649, 2940),
       (156, 2940),
       (546, 2941),
       (1068, 2941),
       (880, 2942),
       (789, 2942),
       (378, 2942),
       (1052, 2942),
       (82, 2943),
       (243, 2943),
       (838, 2943),
       (88, 2943),
       (1194, 2943),
       (859, 2943),
       (720, 2944),
       (722, 2944),
       (610, 2944),
       (534, 2944),
       (1046, 2944),
       (776, 2944),
       (1114, 2944),
       (155, 2944),
       (1070, 2944),
       (898, 2945),
       (613, 2945),
       (1080, 2945),
       (57, 2945),
       (890, 2945),
       (858, 2945),
       (492, 2945),
       (1006, 2945),
       (479, 2945),
       (272, 2946),
       (148, 2946),
       (1030, 2946),
       (919, 2946),
       (972, 2946),
       (356, 2947),
       (660, 2947),
       (967, 2947),
       (42, 2947),
       (540, 2947),
       (318, 2947),
       (563, 2948),
       (1141, 2948),
       (135, 2948),
       (1176, 2948),
       (205, 2948),
       (110, 2948),
       (863, 2948),
       (1087, 2948),
       (384, 2949),
       (1094, 2949),
       (982, 2949),
       (57, 2949),
       (602, 2949),
       (906, 2949),
       (382, 2949),
       (31, 2949),
       (355, 2950),
       (182, 2950),
       (1206, 2950),
       (57, 2950),
       (345, 2950),
       (924, 2950),
       (862, 2950),
       (63, 2950),
       (1120, 2951),
       (1136, 2951),
       (851, 2951),
       (627, 2951),
       (444, 2951),
       (733, 2951),
       (127, 2951),
       (227, 2952),
       (805, 2952),
       (855, 2952),
       (123, 2952),
       (27, 2953),
       (302, 2953),
       (420, 2954),
       (1062, 2954),
       (982, 2954),
       (1159, 2954),
       (1129, 2954),
       (317, 2954),
       (787, 2955),
       (192, 2956),
       (1124, 2956),
       (101, 2956),
       (245, 2956),
       (569, 2956),
       (923, 2956),
       (476, 2956),
       (1137, 2957),
       (601, 2957),
       (521, 2957),
       (570, 2957),
       (927, 2957),
       (230, 2958),
       (1052, 2958),
       (749, 2958),
       (126, 2958),
       (1104, 2959),
       (529, 2959),
       (993, 2959),
       (487, 2959),
       (1162, 2959),
       (908, 2959),
       (380, 2959),
       (589, 2959),
       (783, 2959),
       (787, 2960),
       (692, 2960),
       (549, 2960),
       (552, 2960),
       (698, 2960),
       (418, 2961),
       (211, 2961),
       (100, 2961),
       (773, 2961),
       (1193, 2961),
       (1020, 2961),
       (429, 2961),
       (158, 2961),
       (1120, 2962),
       (562, 2962),
       (885, 2962),
       (789, 2962),
       (299, 2962),
       (480, 2963),
       (252, 2963),
       (957, 2963),
       (1027, 2964),
       (601, 2964),
       (509, 2964),
       (98, 2965),
       (611, 2965),
       (868, 2966),
       (870, 2966),
       (1078, 2966),
       (1016, 2966),
       (138, 2966),
       (235, 2966),
       (236, 2966),
       (559, 2966),
       (616, 2967),
       (938, 2967),
       (1035, 2967),
       (907, 2967),
       (1215, 2967),
       (576, 2968),
       (337, 2968),
       (742, 2968),
       (439, 2968),
       (174, 2968),
       (206, 2968),
       (1055, 2968),
       (658, 2969),
       (1044, 2969),
       (69, 2969),
       (948, 2970),
       (785, 2971),
       (225, 2971),
       (372, 2971),
       (293, 2971),
       (1129, 2971),
       (268, 2971),
       (157, 2971),
       (494, 2971),
       (425, 2972),
       (447, 2972),
       (560, 2973),
       (401, 2973),
       (931, 2973),
       (421, 2973),
       (873, 2973),
       (1114, 2973),
       (363, 2973),
       (701, 2973),
       (190, 2973),
       (1042, 2974),
       (549, 2974),
       (501, 2974),
       (951, 2974),
       (505, 2974),
       (44, 2974),
       (764, 2974),
       (828, 2974),
       (334, 2974),
       (453, 2975),
       (856, 2975),
       (569, 2975),
       (62, 2975),
       (1055, 2975),
       (370, 2976),
       (499, 2977),
       (131, 2977),
       (1188, 2977),
       (297, 2977),
       (74, 2977),
       (619, 2977),
       (189, 2977),
       (1117, 2977),
       (933, 2978),
       (97, 2979),
       (1058, 2979),
       (516, 2979),
       (975, 2979),
       (610, 2980),
       (1155, 2980),
       (1076, 2980),
       (932, 2980),
       (598, 2980),
       (968, 2980),
       (249, 2980),
       (285, 2980),
       (1134, 2980),
       (339, 2981),
       (340, 2981),
       (1046, 2981),
       (715, 2981),
       (510, 2981),
       (659, 2982),
       (23, 2982),
       (666, 2982),
       (876, 2982),
       (306, 2983),
       (130, 2983),
       (864, 2984),
       (1123, 2984),
       (1065, 2984),
       (762, 2984),
       (1042, 2985),
       (1074, 2985),
       (819, 2985),
       (7, 2985),
       (711, 2985),
       (474, 2985),
       (1038, 2985),
       (879, 2985),
       (357, 2986),
       (726, 2986),
       (1052, 2986),
       (1149, 2986),
       (206, 2986),
       (322, 2987),
       (597, 2987),
       (903, 2987),
       (231, 2987),
       (600, 2987),
       (1209, 2987),
       (1115, 2987),
       (253, 2987),
       (372, 2988),
       (600, 2988),
       (680, 2988),
       (460, 2989),
       (652, 2989),
       (1054, 2989),
       (814, 2989),
       (479, 2989),
       (1075, 2990),
       (851, 2990),
       (20, 2990),
       (648, 2990),
       (1057, 2991),
       (354, 2991),
       (213, 2991),
       (1096, 2991),
       (681, 2991),
       (409, 2991),
       (843, 2991),
       (187, 2991),
       (940, 2991),
       (305, 2992),
       (786, 2992),
       (678, 2992),
       (875, 2992),
       (507, 2992),
       (285, 2992),
       (719, 2992),
       (436, 2993),
       (1157, 2993),
       (391, 2993),
       (647, 2993),
       (152, 2993),
       (923, 2994),
       (1211, 2994),
       (973, 2994),
       (912, 2995),
       (66, 2995),
       (243, 2995),
       (803, 2995),
       (596, 2995),
       (456, 2995),
       (1209, 2995),
       (561, 2996),
       (772, 2996),
       (308, 2996),
       (1061, 2996),
       (666, 2996),
       (653, 2997),
       (305, 2998),
       (615, 2998),
       (23, 2998),
       (423, 2998),
       (712, 2998),
       (685, 2998),
       (1166, 2998),
       (735, 2998),
       (128, 2999),
       (182, 2999),
       (1211, 2999),
       (876, 2999),
       (463, 2999),
       (496, 2000),
       (548, 2001),
       (1154, 2002),
       (185, 2002),
       (1033, 2002),
       (1053, 2002),
       (175, 2002),
       (255, 2002),
       (1056, 2003),
       (192, 2003),
       (673, 2003),
       (354, 2003),
       (712, 2003),
       (536, 2003),
       (843, 2003),
       (237, 2003),
       (1036, 2004),
       (1012, 2005),
       (937, 2005),
       (356, 2006),
       (1145, 2006),
       (31, 2006),
       (925, 2007),
       (739, 2008),
       (245, 2008),
       (646, 2008),
       (327, 2008),
       (521, 2008),
       (1036, 2008),
       (515, 2009),
       (80, 2010),
       (963, 2010),
       (885, 2010),
       (695, 2010),
       (1095, 2010),
       (376, 2010),
       (1096, 2010),
       (777, 2010),
       (668, 2010),
       (1104, 2011),
       (1169, 2011),
       (1025, 2011),
       (1043, 2011),
       (405, 2011),
       (503, 2011),
       (1196, 2011),
       (220, 2011),
       (751, 2011),
       (512, 2012),
       (423, 2012),
       (984, 2012),
       (289, 2013),
       (1025, 2013),
       (690, 2013),
       (503, 2013),
       (551, 2013),
       (728, 2013),
       (109, 2013),
       (1058, 2014),
       (771, 2014),
       (663, 2014),
       (687, 2014),
       (437, 2015),
       (777, 2015),
       (1148, 2015),
       (636, 2015),
       (781, 2015),
       (115, 2016),
       (887, 2016),
       (954, 2016),
       (337, 2017),
       (913, 2017),
       (596, 2017),
       (228, 2017),
       (12, 2017),
       (764, 2017),
       (845, 2017),
       (95, 2017),
       (1201, 2018),
       (341, 2018),
       (186, 2018),
       (157, 2018),
       (924, 2019),
       (433, 2020),
       (1217, 2020),
       (834, 2020),
       (317, 2020),
       (350, 2020),
       (353, 2021),
       (860, 2021),
       (419, 2022),
       (233, 2022),
       (603, 2022),
       (479, 2022),
       (176, 2023),
       (944, 2023),
       (656, 2023),
       (1206, 2023),
       (616, 2023),
       (762, 2023),
       (746, 2023),
       (618, 2023),
       (94, 2023),
       (656, 2024),
       (94, 2024),
       (207, 2024),
       (1089, 2025),
       (354, 2025),
       (131, 2025),
       (709, 2025),
       (1032, 2025),
       (769, 2026),
       (547, 2026),
       (905, 2026),
       (436, 2027),
       (774, 2027),
       (727, 2027),
       (1160, 2027),
       (9, 2027),
       (474, 2027),
       (829, 2027),
       (648, 2028),
       (1097, 2028),
       (953, 2028),
       (347, 2028),
       (653, 2028),
       (1103, 2028),
       (707, 2029),
       (996, 2029),
       (281, 2029),
       (298, 2029),
       (462, 2029),
       (174, 2029),
       (863, 2029),
       (932, 2030),
       (101, 2030),
       (1034, 2030),
       (69, 2031),
       (1045, 2031),
       (630, 2031),
       (327, 2031),
       (315, 2031),
       (716, 2031),
       (686, 2031),
       (663, 2032),
       (13, 2032),
       (461, 2032),
       (574, 2032),
       (1150, 2032),
       (338, 2033),
       (435, 2033),
       (794, 2033),
       (107, 2033),
       (203, 2033),
       (109, 2033),
       (1165, 2033),
       (366, 2033),
       (964, 2034),
       (1075, 2035),
       (500, 2035),
       (673, 2036),
       (571, 2036),
       (1088, 2037),
       (433, 2038),
       (1137, 2038),
       (52, 2038),
       (757, 2038),
       (1030, 2038),
       (840, 2038),
       (509, 2038),
       (47, 2038),
       (719, 2038),
       (372, 2039),
       (309, 2039),
       (327, 2039),
       (263, 2039),
       (778, 2039),
       (1133, 2039),
       (1071, 2039),
       (244, 2040),
       (902, 2040),
       (294, 2040),
       (393, 2040),
       (940, 2040),
       (525, 2040),
       (478, 2040),
       (1071, 2040),
       (451, 2041),
       (1107, 2041),
       (326, 2041),
       (1031, 2041),
       (1130, 2042),
       (273, 2043),
       (370, 2043),
       (291, 2043),
       (644, 2043),
       (614, 2043),
       (760, 2043),
       (727, 2044),
       (609, 2045),
       (2, 2045),
       (756, 2045),
       (549, 2045),
       (951, 2045),
       (647, 2045),
       (313, 2045),
       (42, 2045),
       (239, 2045),
       (897, 2046),
       (561, 2046),
       (4, 2046),
       (8, 2046),
       (521, 2046),
       (1209, 2046),
       (987, 2046),
       (879, 2046),
       (687, 2046),
       (1130, 2047),
       (76, 2047),
       (1038, 2047);