insert into tag_gift_certificate (tag_id, gift_certificate_id)
values (560, 1000),
       (865, 1000),
       (1142, 1000),
       (969, 1000),
       (665, 1000),
       (222, 1000),
       (483, 1001),
       (596, 1001),
       (132, 1001),
       (105, 1001),
       (346, 1001),
       (908, 1001),
       (541, 1001),
       (862, 1001),
       (439, 1002),
       (528, 1003),
       (1012, 1003),
       (980, 1003),
       (149, 1003),
       (933, 1003),
       (470, 1003),
       (136, 1003),
       (1039, 1003),
       (930, 1004),
       (964, 1004),
       (708, 1004),
       (810, 1004),
       (1082, 1004),
       (462, 1004),
       (681, 1005),
       (1035, 1005),
       (1084, 1005),
       (3, 1006),
       (404, 1006),
       (1086, 1006),
       (405, 1007),
       (1173, 1007),
       (988, 1007),
       (117, 1008),
       (78, 1008),
       (416, 1009),
       (290, 1009),
       (179, 1009),
       (943, 1009),
       (689, 1010),
       (405, 1010),
       (487, 1010),
       (36, 1011),
       (792, 1011),
       (472, 1012),
       (764, 1012),
       (879, 1012),
       (417, 1013),
       (255, 1013),
       (535, 1014),
       (1084, 1014),
       (606, 1014),
       (494, 1014),
       (46, 1014),
       (163, 1015),
       (164, 1015),
       (663, 1015),
       (589, 1015),
       (993, 1016),
       (452, 1016),
       (570, 1017),
       (1089, 1018),
       (500, 1018),
       (730, 1018),
       (1105, 1019),
       (773, 1019),
       (230, 1019),
       (828, 1019),
       (242, 1020),
       (709, 1020),
       (473, 1020),
       (975, 1020),
       (946, 1021),
       (596, 1021),
       (620, 1021),
       (718, 1021),
       (782, 1021),
       (18, 1022),
       (1202, 1022),
       (499, 1022),
       (196, 1022),
       (679, 1022),
       (318, 1022),
       (113, 1023),
       (249, 1023),
       (832, 1024),
       (672, 1024),
       (213, 1024),
       (742, 1024),
       (79, 1024),
       (90, 1025),
       (748, 1025),
       (317, 1025),
       (478, 1025),
       (158, 1025),
       (1023, 1025),
       (1172, 1026),
       (85, 1026),
       (1096, 1026),
       (186, 1026),
       (507, 1026),
       (377, 1027),
       (513, 1028),
       (1187, 1028),
       (547, 1028),
       (692, 1028),
       (342, 1028),
       (824, 1028),
       (11, 1028),
       (692, 1029),
       (341, 1029),
       (395, 1029),
       (1204, 1030),
       (518, 1030),
       (70, 1030),
       (1161, 1030),
       (829, 1030),
       (484, 1031),
       (795, 1031),
       (333, 1031),
       (205, 1031),
       (1132, 1032),
       (384, 1033),
       (204, 1033),
       (1085, 1033),
       (494, 1033),
       (256, 1034),
       (257, 1034),
       (1046, 1034),
       (694, 1034),
       (759, 1034),
       (1191, 1034),
       (1194, 1034),
       (1166, 1034),
       (64, 1035),
       (16, 1035),
       (945, 1035),
       (1090, 1035),
       (483, 1035),
       (1207, 1035),
       (522, 1035),
       (317, 1035),
       (959, 1035),
       (202, 1036),
       (574, 1036),
       (319, 1036),
       (258, 1037),
       (875, 1037),
       (891, 1037),
       (1147, 1037),
       (279, 1038),
       (1082, 1038),
       (914, 1039),
       (1139, 1039),
       (615, 1039),
       (536, 1039),
       (205, 1039),
       (942, 1039),
       (567, 1040),
       (336, 1041),
       (418, 1041),
       (586, 1041),
       (269, 1041),
       (350, 1041),
       (38, 1042),
       (330, 1042),
       (1211, 1042),
       (764, 1042),
       (432, 1043),
       (433, 1043),
       (514, 1043),
       (771, 1043),
       (1012, 1043),
       (632, 1043),
       (138, 1043),
       (1150, 1043),
       (544, 1044),
       (673, 1044),
       (897, 1044),
       (1057, 1044),
       (468, 1044),
       (791, 1044),
       (521, 1044),
       (265, 1044),
       (886, 1045),
       (360, 1046),
       (288, 1047),
       (1080, 1047),
       (415, 1047),
       (262, 1048),
       (1088, 1049),
       (647, 1049),
       (1100, 1049),
       (144, 1050),
       (872, 1050),
       (748, 1050),
       (764, 1050),
       (823, 1051),
       (493, 1051),
       (931, 1052),
       (158, 1052),
       (894, 1052),
       (3, 1053),
       (1177, 1053),
       (1083, 1053),
       (48, 1054),
       (3, 1054),
       (1076, 1054),
       (727, 1054),
       (585, 1054),
       (783, 1054),
       (624, 1055),
       (33, 1055),
       (14, 1055),
       (894, 1055),
       (1107, 1056),
       (854, 1056),
       (346, 1056),
       (619, 1056),
       (508, 1056),
       (124, 1056),
       (1022, 1056),
       (942, 1056),
       (1024, 1057),
       (834, 1057),
       (515, 1057),
       (900, 1057),
       (1204, 1057),
       (948, 1057),
       (487, 1057),
       (183, 1057),
       (553, 1057),
       (112, 1058),
       (801, 1058),
       (50, 1058),
       (10, 1058),
       (142, 1058),
       (1135, 1058),
       (508, 1059),
       (240, 1060),
       (784, 1060),
       (98, 1060),
       (614, 1060),
       (554, 1060),
       (27, 1060),
       (109, 1060),
       (433, 1061),
       (370, 1061),
       (854, 1061),
       (1094, 1061),
       (937, 1061),
       (393, 1061),
       (461, 1061),
       (639, 1061),
       (904, 1062),
       (120, 1062),
       (1209, 1062),
       (1020, 1062),
       (1106, 1063),
       (1075, 1063),
       (677, 1063),
       (341, 1063),
       (117, 1063),
       (295, 1063),
       (120, 1063),
       (861, 1063),
       (243, 1064),
       (1136, 1065),
       (1152, 1065),
       (1040, 1065),
       (977, 1065),
       (466, 1065),
       (435, 1065),
       (440, 1065),
       (1005, 1065),
       (95, 1065),
       (1089, 1066),
       (147, 1066),
       (1078, 1066),
       (710, 1066),
       (1034, 1066),
       (75, 1066),
       (1035, 1066),
       (173, 1066),
       (590, 1066),
       (1200, 1067),
       (596, 1067),
       (342, 1067),
       (743, 1067),
       (851, 1068),
       (136, 1068),
       (635, 1068),
       (271, 1068),
       (672, 1069),
       (661, 1069),
       (423, 1069),
       (1099, 1069),
       (832, 1070),
       (273, 1070),
       (786, 1070),
       (277, 1070),
       (437, 1070),
       (970, 1070),
       (922, 1070),
       (699, 1070),
       (188, 1070),
       (277, 1071),
       (1050, 1071),
       (763, 1071),
       (206, 1071),
       (79, 1071),
       (800, 1072),
       (272, 1072),
       (997, 1072),
       (341, 1072),
       (822, 1072),
       (488, 1072),
       (798, 1072),
       (415, 1072),
       (822, 1073),
       (817, 1074),
       (1028, 1074),
       (3, 1075),
       (129, 1076),
       (754, 1076),
       (501, 1076),
       (647, 1076),
       (1033, 1076),
       (1179, 1076),
       (124, 1076),
       (592, 1077),
       (737, 1077),
       (487, 1077),
       (327, 1077),
       (937, 1077),
       (521, 1077),
       (90, 1077),
       (219, 1077),
       (1195, 1077),
       (48, 1078),
       (673, 1078),
       (662, 1078),
       (519, 1078),
       (540, 1078),
       (96, 1079),
       (1, 1079),
       (311, 1079),
       (912, 1080),
       (1189, 1080),
       (358, 1080),
       (310, 1080),
       (602, 1080),
       (763, 1080),
       (91, 1080),
       (382, 1080),
       (751, 1080),
       (822, 1081),
       (168, 1081),
       (1065, 1081),
       (1050, 1081),
       (603, 1081),
       (448, 1082),
       (465, 1082),
       (819, 1082),
       (810, 1082),
       (1102, 1082),
       (735, 1082),
       (178, 1083),
       (915, 1083),
       (439, 1083),
       (429, 1083),
       (398, 1083),
       (832, 1084),
       (166, 1084),
       (1020, 1084),
       (767, 1084),
       (1187, 1085),
       (732, 1085),
       (974, 1085),
       (262, 1086),
       (760, 1086),
       (448, 1087),
       (834, 1087),
       (515, 1087),
       (1031, 1087),
       (347, 1087),
       (405, 1088),
       (246, 1088),
       (336, 1089),
       (81, 1089),
       (386, 1089),
       (723, 1089),
       (422, 1089),
       (602, 1089),
       (625, 1090),
       (1185, 1091),
       (145, 1091),
       (628, 1091),
       (748, 1091),
       (928, 1092),
       (373, 1092),
       (357, 1092),
       (906, 1092),
       (747, 1092),
       (156, 1092),
       (926, 1092),
       (997, 1093),
       (617, 1093),
       (13, 1093),
       (769, 1094),
       (1155, 1094),
       (165, 1094),
       (1077, 1094),
       (1110, 1094),
       (792, 1094),
       (1080, 1095),
       (42, 1095),
       (59, 1095),
       (1004, 1095),
       (220, 1095),
       (684, 1095),
       (883, 1096),
       (89, 1096),
       (667, 1096),
       (428, 1096),
       (449, 1097),
       (1163, 1097),
       (1135, 1097),
       (1047, 1098),
       (998, 1099),
       (1075, 1100),
       (262, 1100),
       (502, 1100),
       (538, 1100),
       (778, 1100),
       (396, 1100),
       (125, 1100),
       (816, 1101),
       (1073, 1101),
       (666, 1101),
       (1051, 1102),
       (749, 1102),
       (817, 1103),
       (834, 1103),
       (266, 1103),
       (129, 1104),
       (419, 1104),
       (22, 1104),
       (11, 1104),
       (861, 1104),
       (1111, 1105),
       (602, 1105),
       (430, 1105),
       (351, 1105),
       (882, 1106),
       (947, 1106),
       (325, 1106),
       (1158, 1106),
       (841, 1106),
       (697, 1106),
       (1004, 1106),
       (977, 1107),
       (754, 1107),
       (99, 1107),
       (727, 1107),
       (890, 1107),
       (271, 1107),
       (1107, 1108),
       (965, 1108),
       (1175, 1108),
       (248, 1108),
       (156, 1108),
       (397, 1108),
       (717, 1108),
       (399, 1108),
       (1170, 1109),
       (1156, 1109),
       (650, 1109),
       (283, 1109),
       (61, 1109),
       (350, 1109),
       (430, 1109),
       (159, 1109),
       (383, 1109),
       (1025, 1110),
       (258, 1110),
       (386, 1110),
       (1172, 1110),
       (773, 1110),
       (1193, 1110),
       (1116, 1110),
       (765, 1110),
       (383, 1110),
       (725, 1111),
       (1086, 1111),
       (95, 1111),
       (421, 1112),
       (1190, 1112),
       (89, 1112),
       (746, 1112),
       (1116, 1112),
       (862, 1112),
       (190, 1112),
       (321, 1113),
       (1007, 1113),
       (1171, 1114),
       (682, 1114),
       (236, 1114),
       (782, 1114),
       (1094, 1115),
       (1078, 1115),
       (682, 1115),
       (1210, 1115),
       (221, 1115),
       (143, 1115),
       (704, 1116),
       (1125, 1116),
       (1068, 1116),
       (28, 1116),
       (657, 1117),
       (210, 1117),
       (331, 1117),
       (1139, 1118),
       (327, 1118),
       (120, 1118),
       (921, 1118),
       (249, 1118),
       (347, 1118),
       (702, 1118),
       (132, 1119),
       (1208, 1119),
       (408, 1119),
       (1179, 1119),
       (1068, 1119),
       (990, 1119),
       (1215, 1119),
       (145, 1120),
       (35, 1120),
       (423, 1120),
       (920, 1120),
       (763, 1120),
       (907, 1120),
       (861, 1120),
       (1072, 1121),
       (6, 1121),
       (360, 1121),
       (89, 1121),
       (346, 1121),
       (863, 1121),
       (1206, 1122),
       (345, 1122),
       (387, 1123),
       (8, 1123),
       (921, 1124),
       (90, 1124),
       (1196, 1124),
       (687, 1124),
       (1039, 1124),
       (726, 1125),
       (927, 1125),
       (262, 1126),
       (11, 1126),
       (542, 1126),
       (82, 1127),
       (675, 1127),
       (1206, 1127),
       (31, 1127),
       (290, 1128),
       (404, 1128),
       (859, 1128),
       (540, 1128),
       (204, 1128),
       (1054, 1128),
       (656, 1129),
       (450, 1129),
       (1193, 1129),
       (762, 1129),
       (172, 1129),
       (876, 1129),
       (793, 1130),
       (180, 1131),
       (1162, 1131),
       (844, 1131),
       (316, 1131),
       (691, 1132),
       (1014, 1132),
       (983, 1132),
       (1176, 1132),
       (666, 1132),
       (1140, 1133),
       (886, 1133),
       (854, 1133),
       (540, 1133),
       (109, 1133),
       (388, 1134),
       (155, 1134),
       (589, 1134),
       (398, 1134),
       (969, 1135),
       (659, 1136),
       (600, 1136),
       (28, 1136),
       (1072, 1137),
       (882, 1137),
       (613, 1137),
       (474, 1137),
       (587, 1137),
       (655, 1137),
       (324, 1138),
       (1092, 1138),
       (1064, 1138),
       (156, 1138),
       (542, 1138),
       (882, 1139),
       (774, 1139),
       (1193, 1139),
       (459, 1139),
       (1217, 1140),
       (179, 1140),
       (792, 1140),
       (169, 1140),
       (235, 1140),
       (812, 1140),
       (588, 1140),
       (1181, 1140),
       (355, 1141),
       (894, 1141),
       (129, 1142),
       (645, 1142),
       (1015, 1142),
       (55, 1142),
       (830, 1143),
       (1132, 1144),
       (579, 1145),
       (373, 1145),
       (502, 1145),
       (299, 1145),
       (668, 1145),
       (942, 1145),
       (190, 1145),
       (254, 1146),
       (945, 1147),
       (817, 1147),
       (939, 1147),
       (92, 1147),
       (15, 1147),
       (271, 1147),
       (384, 1148),
       (945, 1148),
       (611, 1148),
       (275, 1148),
       (4, 1148),
       (197, 1148),
       (582, 1148),
       (989, 1148),
       (783, 1148),
       (165, 1149),
       (731, 1149),
       (335, 1150),
       (368, 1151),
       (594, 1151),
       (229, 1151),
       (731, 1151),
       (829, 1151),
       (205, 1151),
       (1149, 1151),
       (532, 1152),
       (500, 1152),
       (999, 1152),
       (84, 1153),
       (1190, 1153),
       (1128, 1153),
       (1032, 1153),
       (1176, 1153),
       (253, 1153),
       (111, 1153),
       (775, 1154),
       (315, 1154),
       (352, 1155),
       (868, 1155),
       (327, 1155),
       (905, 1155),
       (1147, 1155),
       (126, 1155),
       (318, 1155),
       (433, 1156),
       (948, 1156),
       (1019, 1156),
       (333, 1156),
       (1055, 1157),
       (353, 1158),
       (814, 1158),
       (623, 1158),
       (377, 1159),
       (1005, 1159),
       (929, 1160),
       (1012, 1160),
       (260, 1160),
       (1066, 1160),
       (220, 1160),
       (445, 1160),
       (30, 1160),
       (335, 1160),
       (650, 1161),
       (714, 1161),
       (957, 1161),
       (754, 1162),
       (181, 1162),
       (730, 1162),
       (715, 1162),
       (1070, 1162),
       (291, 1163),
       (372, 1163),
       (534, 1163),
       (363, 1163),
       (1195, 1163),
       (109, 1163),
       (46, 1163),
       (1135, 1164),
       (713, 1165),
       (1178, 1165),
       (507, 1165),
       (364, 1165),
       (253, 1165),
       (846, 1165),
       (206, 1165),
       (959, 1165),
       (1105, 1166),
       (1108, 1166),
       (1013, 1166),
       (865, 1167),
       (1129, 1167),
       (98, 1168),
       (48, 1169),
       (962, 1169),
       (754, 1169),
       (468, 1169),
       (327, 1169),
       (251, 1169),
       (1166, 1169),
       (942, 1169),
       (81, 1170),
       (530, 1170),
       (854, 1170),
       (70, 1170),
       (955, 1170),
       (940, 1170),
       (735, 1170),
       (1043, 1171),
       (296, 1171),
       (522, 1171),
       (957, 1171),
       (1085, 1171),
       (447, 1171),
       (573, 1172),
       (272, 1173),
       (389, 1173),
       (966, 1173),
       (775, 1173),
       (570, 1173),
       (1003, 1173),
       (860, 1173),
       (668, 1173),
       (370, 1174),
       (490, 1174),
       (891, 1174),
       (270, 1174),
       (947, 1175),
       (549, 1175),
       (22, 1175),
       (40, 1175),
       (878, 1175),
       (351, 1175),
       (687, 1175),
       (1073, 1176),
       (642, 1176),
       (118, 1176),
       (887, 1176),
       (393, 1176),
       (131, 1177),
       (23, 1177),
       (699, 1177),
       (593, 1178),
       (533, 1178),
       (1206, 1178),
       (828, 1178),
       (830, 1178),
       (511, 1178),
       (739, 1179),
       (1172, 1179),
       (269, 1179),
       (784, 1180),
       (1154, 1180),
       (307, 1180),
       (709, 1180),
       (521, 1180),
       (682, 1180),
       (922, 1180),
       (90, 1180),
       (430, 1180),
       (1009, 1181),
       (531, 1181),
       (1147, 1181),
       (953, 1182),
       (322, 1183),
       (22, 1183),
       (261, 1184),
       (183, 1184),
       (506, 1184),
       (558, 1184),
       (291, 1185),
       (579, 1185),
       (1205, 1185),
       (936, 1185),
       (506, 1185),
       (992, 1186),
       (183, 1186),
       (602, 1186),
       (413, 1186),
       (431, 1186),
       (436, 1187),
       (471, 1187),
       (750, 1187),
       (1011, 1188),
       (902, 1188),
       (984, 1188),
       (105, 1188),
       (713, 1188),
       (1085, 1188),
       (733, 1188),
       (543, 1188),
       (769, 1189),
       (852, 1189),
       (597, 1189),
       (858, 1189),
       (907, 1189),
       (959, 1189),
       (755, 1190),
       (309, 1190),
       (758, 1190),
       (1129, 1190),
       (857, 1190),
       (474, 1190),
       (124, 1190),
       (286, 1190),
       (900, 1191),
       (245, 1191),
       (507, 1191),
       (1021, 1191),
       (798, 1191),
       (312, 1192),
       (28, 1192),
       (1151, 1192),
       (320, 1193),
       (117, 1193),
       (336, 1194),
       (269, 1194),
       (176, 1195),
       (1, 1195),
       (579, 1195),
       (1219, 1195),
       (446, 1195),
       (962, 1196),
       (1203, 1196),
       (1207, 1196),
       (105, 1196),
       (313, 1196),
       (492, 1196),
       (124, 1196),
       (912, 1197),
       (96, 1197),
       (817, 1197),
       (613, 1197),
       (908, 1197),
       (108, 1197),
       (589, 1197),
       (164, 1198),
       (821, 1198),
       (486, 1198),
       (445, 1198),
       (158, 1198),
       (687, 1198),
       (629, 1199),
       (1206, 1199),
       (39, 1199),
       (115, 1200),
       (871, 1200),
       (761, 1200),
       (1051, 1200),
       (588, 1200),
       (622, 1200),
       (672, 1201),
       (149, 1201),
       (1192, 1201),
       (460, 1201),
       (77, 1201),
       (690, 1202),
       (1219, 1202),
       (388, 1202),
       (421, 1202),
       (39, 1202),
       (1162, 1202),
       (93, 1202),
       (148, 1203),
       (645, 1203),
       (295, 1203),
       (237, 1203),
       (175, 1203),
       (857, 1204),
       (528, 1205),
       (224, 1205),
       (786, 1205),
       (1106, 1205),
       (1062, 1205),
       (487, 1205),
       (985, 1205),
       (1147, 1205),
       (1135, 1205),
       (419, 1206),
       (418, 1207),
       (626, 1207),
       (419, 1207),
       (1015, 1207),
       (763, 1207),
       (1083, 1207),
       (443, 1208),
       (574, 1208),
       (610, 1209),
       (733, 1209),
       (400, 1210),
       (148, 1210),
       (70, 1210),
       (1160, 1210),
       (1128, 1210),
       (1165, 1210),
       (750, 1210),
       (1086, 1210),
       (479, 1210),
       (82, 1211),
       (823, 1211),
       (873, 1211),
       (601, 1211),
       (481, 1212),
       (866, 1212),
       (84, 1212),
       (951, 1212),
       (812, 1212),
       (179, 1213),
       (963, 1213),
       (843, 1213),
       (260, 1214),
       (474, 1214),
       (1165, 1214),
       (30, 1214),
       (289, 1215),
       (305, 1215),
       (557, 1215),
       (176, 1216),
       (1107, 1216),
       (243, 1216),
       (1094, 1216),
       (262, 1216),
       (232, 1216),
       (56, 1216),
       (425, 1216),
       (205, 1216),
       (437, 1217),
       (435, 1218),
       (566, 1218),
       (92, 1218),
       (301, 1218),
       (1133, 1218),
       (185, 1219),
       (948, 1220),
       (1096, 1220),
       (986, 1220),
       (878, 1220),
       (208, 1221),
       (436, 1221),
       (822, 1221),
       (566, 1221),
       (215, 1221),
       (711, 1221),
       (408, 1221),
       (744, 1221),
       (972, 1221),
       (950, 1222),
       (951, 1222),
       (156, 1222),
       (457, 1223),
       (849, 1224),
       (756, 1224),
       (214, 1224),
       (343, 1224),
       (1016, 1224),
       (73, 1224),
       (713, 1224),
       (524, 1224),
       (318, 1224),
       (567, 1225),
       (807, 1225),
       (355, 1226),
       (723, 1226),
       (311, 1226),
       (1000, 1226),
       (313, 1226),
       (1002, 1226),
       (61, 1226),
       (395, 1227),
       (1090, 1228),
       (531, 1228),
       (516, 1228),
       (84, 1228),
       (809, 1228),
       (364, 1228),
       (557, 1228),
       (878, 1228),
       (851, 1229),
       (543, 1229),
       (400, 1230),
       (160, 1230),
       (401, 1230),
       (837, 1230),
       (565, 1230),
       (235, 1230),
       (636, 1230),
       (716, 1230),
       (887, 1231),
       (1048, 1231),
       (1065, 1231),
       (378, 1231),
       (907, 1231),
       (702, 1231),
       (479, 1231),
       (623, 1231),
       (1029, 1232),
       (24, 1232),
       (1158, 1233),
       (814, 1233),
       (944, 1234),
       (49, 1234),
       (614, 1234),
       (489, 1234),
       (763, 1234),
       (652, 1234),
       (829, 1234),
       (64, 1235),
       (216, 1235),
       (712, 1235),
       (107, 1235),
       (43, 1235),
       (1101, 1235),
       (963, 1236),
       (867, 1236),
       (443, 1236),
       (428, 1236),
       (882, 1237),
       (1093, 1237),
       (695, 1237),
       (844, 1237),
       (927, 1237),
       (517, 1238),
       (1047, 1238),
       (586, 1238),
       (618, 1238),
       (944, 1239),
       (161, 1239),
       (194, 1239),
       (51, 1239),
       (503, 1239),
       (238, 1239),
       (114, 1240),
       (68, 1240),
       (696, 1240),
       (968, 1240),
       (1145, 1240),
       (747, 1240),
       (766, 1240),
       (111, 1240),
       (1040, 1241),
       (920, 1241),
       (843, 1241),
       (700, 1241),
       (957, 1241),
       (1006, 1241),
       (240, 1242),
       (322, 1242),
       (420, 1242),
       (340, 1242),
       (857, 1242),
       (43, 1242),
       (124, 1242),
       (1169, 1243),
       (1123, 1243),
       (566, 1243),
       (230, 1243),
       (119, 1243),
       (807, 1243),
       (600, 1243),
       (618, 1243),
       (238, 1243),
       (1058, 1244),
       (860, 1244),
       (1214, 1244),
       (544, 1245),
       (659, 1245),
       (740, 1245),
       (20, 1245),
       (342, 1245),
       (6, 1245),
       (619, 1245),
       (1006, 1245),
       (1058, 1246),
       (52, 1246),
       (712, 1246),
       (812, 1246),
       (333, 1246),
       (14, 1246),
       (639, 1246),
       (144, 1247),
       (944, 1247),
       (1169, 1247),
       (708, 1247),
       (196, 1247),
       (516, 1247),
       (805, 1247),
       (473, 1247),
       (73, 1247),
       (592, 1248),
       (451, 1248),
       (556, 1248),
       (670, 1248),
       (1216, 1249),
       (321, 1249),
       (611, 1249),
       (596, 1249),
       (571, 1249),
       (588, 1249),
       (542, 1249),
       (511, 1249),
       (931, 1250),
       (1156, 1250),
       (792, 1250),
       (520, 1250),
       (1178, 1250),
       (898, 1251),
       (91, 1251),
       (503, 1252),
       (270, 1252),
       (471, 1253),
       (759, 1253),
       (684, 1253),
       (403, 1254),
       (998, 1254),
       (728, 1254),
       (986, 1254),
       (1146, 1254),
       (186, 1254),
       (142, 1254),
       (27, 1255),
       (689, 1256),
       (147, 1256),
       (484, 1256),
       (164, 1256),
       (582, 1256),
       (41, 1256),
       (956, 1256),
       (1116, 1256),
       (1162, 1257),
       (765, 1257),
       (1072, 1258),
       (65, 1258),
       (275, 1258),
       (793, 1258),
       (1049, 1258),
       (538, 1258),
       (491, 1258),
       (459, 1258),
       (911, 1258),
       (130, 1259),
       (819, 1259),
       (405, 1259),
       (521, 1259),
       (946, 1260),
       (966, 1260),
       (342, 1260),
       (22, 1260),
       (551, 1260),
       (72, 1260),
       (521, 1260),
       (543, 1260),
       (959, 1260),
       (1088, 1261),
       (214, 1261),
       (870, 1261),
       (683, 1261),
       (283, 1261),
       (409, 1262),
       (969, 1262),
       (299, 1262),
       (396, 1262),
       (972, 1262),
       (1021, 1262),
       (735, 1262),
       (1023, 1262),
       (480, 1263),
       (353, 1263),
       (114, 1263),
       (244, 1263),
       (248, 1263),
       (426, 1263),
       (587, 1263),
       (1024, 1264),
       (498, 1264),
       (246, 1264),
       (232, 1264),
       (971, 1264),
       (604, 1264),
       (864, 1265),
       (658, 1265),
       (274, 1265),
       (776, 1265),
       (122, 1265),
       (861, 1265),
       (462, 1265),
       (1135, 1265),
       (1090, 1266),
       (629, 1266),
       (294, 1266),
       (972, 1266),
       (863, 1266),
       (1039, 1266),
       (1007, 1266),
       (195, 1267),
       (500, 1267),
       (697, 1267),
       (700, 1267),
       (513, 1268),
       (563, 1268),
       (980, 1268),
       (311, 1268),
       (360, 1268),
       (253, 1268),
       (753, 1269),
       (684, 1269),
       (1165, 1269),
       (225, 1270),
       (1129, 1270),
       (846, 1270),
       (1198, 1270),
       (211, 1271),
       (296, 1272),
       (1069, 1272),
       (61, 1272),
       (94, 1272),
       (897, 1273),
       (1202, 1273),
       (709, 1273),
       (568, 1273),
       (313, 1273),
       (410, 1273),
       (780, 1273),
       (873, 1274),
       (1049, 1274),
       (418, 1275),
       (994, 1275),
       (1043, 1275),
       (868, 1275),
       (341, 1275),
       (37, 1275),
       (1079, 1275),
       (684, 1275),
       (381, 1275),
       (1041, 1276),
       (163, 1276),
       (1155, 1276),
       (102, 1276),
       (265, 1276),
       (267, 1276),
       (860, 1276),
       (895, 1276),
       (1122, 1277),
       (919, 1277),
       (298, 1277),
       (428, 1277),
       (927, 1277),
       (98, 1278),
       (51, 1278),
       (826, 1278),
       (110, 1278),
       (974, 1278),
       (790, 1279),
       (471, 1279),
       (1130, 1279),
       (369, 1280),
       (741, 1280),
       (326, 1280),
       (72, 1280),
       (409, 1280),
       (395, 1280),
       (28, 1280),
       (13, 1280),
       (47, 1280),
       (736, 1281),
       (81, 1281),
       (1217, 1281),
       (262, 1281),
       (1144, 1281),
       (730, 1281),
       (90, 1281),
       (140, 1281),
       (718, 1281),
       (945, 1282),
       (535, 1282),
       (631, 1282),
       (541, 1282),
       (606, 1282),
       (218, 1283),
       (1196, 1283),
       (499, 1284),
       (628, 1284),
       (726, 1284),
       (279, 1284),
       (633, 1284),
       (475, 1284),
       (172, 1284),
       (655, 1284),
       (732, 1285),
       (117, 1286),
       (284, 1286),
       (816, 1287),
       (853, 1287),
       (53, 1287),
       (471, 1287),
       (815, 1287),
       (117, 1288),
       (53, 1288),
       (343, 1288),
       (937, 1288),
       (9, 1288),
       (1002, 1288),
       (223, 1288),
       (1012, 1289),
       (571, 1289),
       (799, 1289),
       (881, 1290),
       (357, 1290),
       (12, 1290),
       (1148, 1291),
       (239, 1291),
       (170, 1292),
       (701, 1292),
       (1214, 1292),
       (511, 1292),
       (514, 1293),
       (417, 1294),
       (377, 1294),
       (174, 1294),
       (64, 1295),
       (727, 1295),
       (764, 1295),
       (462, 1295),
       (1, 1296),
       (945, 1296),
       (661, 1296),
       (554, 1296),
       (846, 1296),
       (1158, 1297),
       (682, 1297),
       (1059, 1298),
       (728, 1298),
       (858, 1298),
       (75, 1298),
       (109, 1298),
       (159, 1298),
       (929, 1299),
       (850, 1299),
       (930, 1299),
       (388, 1299),
       (698, 1299),
       (1004, 1299),
       (752, 1300),
       (273, 1300),
       (785, 1300),
       (1185, 1300),
       (1106, 1300),
       (166, 1300),
       (711, 1300),
       (605, 1300),
       (782, 1300),
       (432, 1301),
       (359, 1301),
       (232, 1301),
       (955, 1301),
       (221, 1301),
       (820, 1302),
       (263, 1302),
       (311, 1302),
       (1119, 1302),
       (450, 1303),
       (226, 1303),
       (295, 1303),
       (904, 1303),
       (456, 1303),
       (747, 1303),
       (524, 1303),
       (784, 1304),
       (371, 1304),
       (1061, 1304),
       (198, 1304),
       (1095, 1304),
       (744, 1304),
       (367, 1304),
       (848, 1305),
       (38, 1305),
       (504, 1305),
       (73, 1305),
       (170, 1305),
       (12, 1305),
       (541, 1305),
       (399, 1305),
       (18, 1306),
       (1186, 1306),
       (626, 1306),
       (341, 1306),
       (439, 1306),
       (121, 1306),
       (250, 1306),
       (76, 1306),
       (223, 1306),
       (345, 1307),
       (896, 1308),
       (36, 1308),
       (389, 1308),
       (581, 1308),
       (693, 1308),
       (709, 1308),
       (166, 1308),
       (43, 1308),
       (396, 1308),
       (1172, 1309),
       (49, 1310),
       (53, 1310),
       (505, 1310),
       (92, 1310),
       (606, 1310),
       (114, 1311),
       (2, 1311),
       (854, 1311),
       (326, 1311),
       (296, 1311),
       (125, 1311),
       (577, 1312),
       (885, 1312),
       (485, 1312),
       (168, 1312),
       (1050, 1312),
       (381, 1312),
       (1168, 1313),
       (195, 1313),
       (1157, 1313),
       (454, 1313),
       (1115, 1313),
       (79, 1313),
       (1110, 1314),
       (665, 1314),
       (736, 1315),
       (410, 1315),
       (1084, 1315),
       (1201, 1316),
       (818, 1316),
       (905, 1316),
       (1034, 1316),
       (523, 1316),
       (318, 1316),
       (992, 1317),
       (325, 1317),
       (838, 1317),
       (520, 1317),
       (74, 1317),
       (925, 1317),
       (1037, 1317),
       (1056, 1318),
       (403, 1318),
       (101, 1318),
       (614, 1318),
       (521, 1318),
       (1164, 1318),
       (734, 1318),
       (142, 1318),
       (1143, 1319),
       (523, 1319),
       (556, 1319),
       (1180, 1319),
       (669, 1319),
       (416, 1320),
       (353, 1320),
       (745, 1320),
       (143, 1320),
       (97, 1321),
       (226, 1321),
       (435, 1321),
       (291, 1321),
       (715, 1321),
       (763, 1321),
       (956, 1321),
       (531, 1322),
       (1140, 1322),
       (268, 1322),
       (623, 1322),
       (449, 1323),
       (225, 1323),
       (164, 1323),
       (1111, 1323),
       (938, 1323),
       (475, 1323),
       (891, 1323),
       (700, 1323),
       (95, 1323),
       (915, 1324),
       (1144, 1324),
       (729, 1324),
       (1039, 1324),
       (546, 1325),
       (116, 1326),
       (474, 1326),
       (1141, 1327),
       (168, 1327),
       (602, 1327),
       (80, 1328),
       (1153, 1328),
       (755, 1328),
       (564, 1328),
       (1016, 1328),
       (248, 1328),
       (416, 1329),
       (68, 1329),
       (254, 1329),
       (911, 1329),
       (258, 1330),
       (34, 1330),
       (773, 1330),
       (649, 1330),
       (619, 1330),
       (828, 1330),
       (190, 1330),
       (225, 1331),
       (531, 1331),
       (915, 1331),
       (1196, 1331),
       (768, 1332),
       (355, 1332),
       (69, 1332),
       (296, 1332),
       (1081, 1332),
       (1098, 1332),
       (557, 1332),
       (718, 1332),
       (290, 1333),
       (627, 1333),
       (42, 1333),
       (60, 1333),
       (989, 1333),
       (1214, 1333),
       (623, 1333),
       (735, 1333),
       (177, 1334),
       (565, 1334),
       (566, 1334),
       (679, 1334),
       (543, 1334),
       (239, 1334),
       (72, 1335),
       (831, 1335),
       (1088, 1336),
       (562, 1336),
       (19, 1336),
       (115, 1336),
       (502, 1336),
       (583, 1336),
       (107, 1336),
       (706, 1337),
       (773, 1337),
       (246, 1337),
       (39, 1337),
       (1130, 1337),
       (636, 1337),
       (1201, 1338),
       (481, 1338),
       (1003, 1338),
       (895, 1338),
       (532, 1339),
       (341, 1339),
       (347, 1339),
       (331, 1339),
       (547, 1340),
       (151, 1340),
       (1120, 1341),
       (881, 1341),
       (354, 1341),
       (531, 1341),
       (1203, 1341),
       (645, 1341),
       (983, 1341),
       (235, 1341),
       (1036, 1341),
       (450, 1342),
       (771, 1343),
       (694, 1343),
       (487, 1343),
       (1067, 1343),
       (1100, 1343),
       (813, 1343),
       (1183, 1343),
       (545, 1344),
       (403, 1344),
       (915, 1344),
       (197, 1344),
       (813, 1344),
       (530, 1345),
       (885, 1345),
       (453, 1345),
       (86, 1345),
       (282, 1345),
       (414, 1345),
       (543, 1345),
       (1120, 1346),
       (421, 1346),
       (919, 1346),
       (794, 1346),
       (573, 1346),
       (1091, 1347),
       (437, 1347),
       (1018, 1347),
       (933, 1348),
       (1078, 1348),
       (1207, 1348),
       (748, 1348),
       (833, 1349),
       (901, 1349),
       (854, 1349),
       (808, 1349),
       (1016, 1349),
       (904, 1349),
       (801, 1350),
       (161, 1350),
       (114, 1350),
       (585, 1350),
       (489, 1350),
       (170, 1350),
       (207, 1350),
       (912, 1351),
       (913, 1351),
       (242, 1351),
       (1028, 1351),
       (27, 1351),
       (428, 1351),
       (317, 1351),
       (496, 1352),
       (1219, 1352),
       (1123, 1352),
       (596, 1352),
       (726, 1352),
       (523, 1352),
       (318, 1352),
       (398, 1352),
       (419, 1353),
       (660, 1353),
       (981, 1353),
       (790, 1353),
       (199, 1353),
       (795, 1353),
       (572, 1353),
       (429, 1353),
       (414, 1353),
       (608, 1354),
       (880, 1354),
       (278, 1354),
       (822, 1354),
       (1018, 1354),
       (891, 1354),
       (271, 1354),
       (91, 1355),
       (813, 1355),
       (82, 1356),
       (516, 1356),
       (376, 1356),
       (345, 1356),
       (874, 1356),
       (155, 1356),
       (462, 1356),
       (679, 1357),
       (832, 1358),
       (627, 1358),
       (202, 1358),
       (491, 1358),
       (253, 1358),
       (726, 1359),
       (139, 1359),
       (524, 1359),
       (818, 1360),
       (967, 1360),
       (282, 1360),
       (1115, 1360),
       (300, 1360),
       (1213, 1360),
       (1071, 1360),
       (204, 1361),
       (722, 1362),
       (1176, 1362),
       (843, 1362),
       (1164, 1362),
       (15, 1362),
       (338, 1363),
       (918, 1363),
       (550, 1363),
       (217, 1363),
       (188, 1363),
       (124, 1363),
       (574, 1363),
       (1114, 1364),
       (1175, 1365),
       (1064, 1365),
       (27, 1365),
       (733, 1365),
       (850, 1366),
       (882, 1366),
       (583, 1366),
       (633, 1366),
       (186, 1367),
       (538, 1367),
       (620, 1367),
       (637, 1367),
       (781, 1367),
       (1214, 1367),
       (606, 1368),
       (225, 1369),
       (674, 1369),
       (259, 1369),
       (116, 1369),
       (782, 1369),
       (1215, 1369),
       (34, 1370),
       (19, 1370),
       (184, 1370),
       (348, 1370),
       (291, 1371),
       (1093, 1371),
       (951, 1371),
       (472, 1371),
       (201, 1371),
       (13, 1371),
       (53, 1372),
       (153, 1372),
       (1159, 1373),
       (367, 1373),
       (783, 1373),
       (640, 1374),
       (257, 1374),
       (386, 1374),
       (611, 1374),
       (1092, 1374),
       (422, 1374),
       (491, 1374),
       (235, 1374),
       (1197, 1374),
       (16, 1375),
       (83, 1375),
       (1030, 1375),
       (838, 1375),
       (26, 1375),
       (315, 1375),
       (843, 1375),
       (1051, 1375),
       (129, 1376),
       (786, 1376),
       (986, 1376),
       (907, 1376),
       (1083, 1376),
       (947, 1377),
       (202, 1377),
       (1205, 1378),
       (1132, 1378),
       (654, 1378),
       (303, 1378),
       (320, 1379),
       (1072, 1379),
       (201, 1379),
       (64, 1380),
       (488, 1380),
       (347, 1380),
       (1084, 1380),
       (931, 1381),
       (425, 1381),
       (1117, 1381),
       (849, 1382),
       (1111, 1382),
       (969, 1382),
       (1195, 1382),
       (141, 1382),
       (597, 1383),
       (6, 1383),
       (920, 1383),
       (89, 1383),
       (289, 1384),
       (248, 1384),
       (556, 1384),
       (623, 1384),
       (801, 1385),
       (917, 1385),
       (390, 1385),
       (825, 1385),
       (746, 1385),
       (861, 1385),
       (734, 1385),
       (254, 1385),
       (1090, 1386),
       (979, 1386),
       (533, 1386),
       (38, 1386),
       (695, 1386),
       (699, 1386),
       (145, 1387),
       (946, 1387),
       (453, 1387),
       (806, 1387),
       (966, 1387),
       (1176, 1387),
       (1194, 1387),
       (731, 1387),
       (557, 1387),
       (66, 1388),
       (674, 1388),
       (1043, 1388),
       (644, 1388),
       (630, 1388),
       (54, 1388),
       (472, 1388),
       (361, 1388),
       (698, 1388),
       (416, 1389),
       (1156, 1389),
       (920, 1389),
       (174, 1389),
       (767, 1389),
       (232, 1390),
       (75, 1390),
       (252, 1390),
       (909, 1390),
       (400, 1391),
       (448, 1391),
       (85, 1391),
       (171, 1391),
       (1086, 1391),
       (639, 1391),
       (79, 1391),
       (449, 1392),
       (818, 1392),
       (261, 1392),
       (248, 1392),
       (921, 1392),
       (348, 1392),
       (1070, 1392),
       (370, 1393),
       (811, 1393),
       (420, 1394),
       (21, 1394),
       (1014, 1394),
       (359, 1394),
       (680, 1394),
       (1130, 1394),
       (906, 1394),
       (1136, 1395),
       (1057, 1395),
       (915, 1395),
       (566, 1395),
       (599, 1395),
       (784, 1396),
       (36, 1396),
       (647, 1396),
       (954, 1396),
       (267, 1396),
       (606, 1396),
       (351, 1396),
       (272, 1397),
       (770, 1397),
       (485, 1397),
       (614, 1397),
       (695, 1397),
       (249, 1397),
       (1067, 1397),
       (124, 1397),
       (524, 1397),
       (194, 1398),
       (563, 1398),
       (781, 1398),
       (241, 1399),
       (997, 1399),
       (312, 1399),
       (1026, 1400),
       (346, 1400),
       (98, 1401),
       (1204, 1401),
       (549, 1401),
       (280, 1401),
       (762, 1401),
       (92, 1401),
       (1036, 1401),
       (463, 1401),
       (513, 1402),
       (977, 1402),
       (982, 1402),
       (1126, 1402),
       (409, 1402),
       (922, 1402),
       (173, 1402),
       (849, 1403),
       (951, 1403),
       (395, 1403),
       (733, 1403),
       (735, 1403),
       (69, 1404),
       (290, 1405),
       (323, 1405),
       (564, 1405),
       (235, 1405),
       (69, 1406),
       (1095, 1406),
       (608, 1407),
       (771, 1407),
       (100, 1407),
       (1174, 1407),
       (523, 1407),
       (362, 1408),
       (366, 1408),
       (699, 1409),
       (537, 1410),
       (585, 1410),
       (810, 1410),
       (122, 1410),
       (1000, 1411),
       (974, 1411),
       (511, 1411),
       (1055, 1411),
       (673, 1412),
       (378, 1412),
       (198, 1413),
       (568, 1413),
       (396, 1413),
       (223, 1413),
       (849, 1414),
       (5, 1414),
       (645, 1414),
       (759, 1414),
       (93, 1414),
       (562, 1415),
       (522, 1415),
       (1148, 1415),
       (92, 1415),
       (957, 1415),
       (387, 1416),
       (753, 1417),
       (583, 1417),
       (122, 1417),
       (315, 1417),
       (1212, 1417),
       (796, 1417),
       (462, 1417),
       (991, 1417),
       (849, 1418),
       (163, 1418),
       (131, 1418),
       (644, 1418),
       (936, 1418),
       (296, 1418),
       (938, 1418),
       (1179, 1418),
       (415, 1418),
       (352, 1419),
       (210, 1419),
       (51, 1419),
       (982, 1419),
       (505, 1419),
       (475, 1419),
       (668, 1419),
       (1148, 1419),
       (398, 1419),
       (417, 1420),
       (752, 1421),
       (787, 1421),
       (627, 1421),
       (548, 1421),
       (375, 1421),
       (489, 1421),
       (1036, 1421),
       (974, 1421),
       (1199, 1421),
       (1092, 1422),
       (69, 1422),
       (630, 1422),
       (1126, 1422),
       (1144, 1422),
       (846, 1422),
       (1151, 1422),
       (1044, 1423),
       (54, 1423),
       (254, 1423),
       (1144, 1424),
       (1192, 1424),
       (616, 1424),
       (1004, 1424),
       (1165, 1424),
       (478, 1424),
       (176, 1425),
       (1072, 1425),
       (465, 1425),
       (81, 1425),
       (482, 1425),
       (1193, 1425),
       (10, 1425),
       (572, 1425),
       (269, 1425),
       (567, 1426),
       (428, 1426),
       (61, 1426),
       (637, 1426),
       (1136, 1427),
       (141, 1428),
       (307, 1429),
       (19, 1429),
       (873, 1429),
       (527, 1429),
       (406, 1430),
       (536, 1430),
       (1113, 1430),
       (491, 1430),
       (62, 1430),
       (158, 1430),
       (30, 1430),
       (831, 1430),
       (465, 1431),
       (1171, 1431),
       (489, 1431),
       (73, 1431),
       (765, 1431),
       (1006, 1431),
       (142, 1431),
       (81, 1432),
       (1030, 1432),
       (928, 1433),
       (813, 1433),
       (947, 1434),
       (915, 1434),
       (376, 1434),
       (463, 1434),
       (1090, 1435),
       (879, 1436),
       (1123, 1437),
       (39, 1437),
       (89, 1437),
       (684, 1437),
       (718, 1437),
       (463, 1437),
       (672, 1438),
       (41, 1438),
       (480, 1439),
       (867, 1439),
       (452, 1439),
       (453, 1439),
       (230, 1439),
       (171, 1439),
       (111, 1439),
       (850, 1440),
       (226, 1440),
       (713, 1440),
       (106, 1440),
       (988, 1440),
       (734, 1440),
       (559, 1440),
       (993, 1441),
       (180, 1441),
       (404, 1441),
       (294, 1441),
       (758, 1441),
       (967, 1441),
       (1176, 1441),
       (569, 1441),
       (862, 1441),
       (440, 1442),
       (125, 1442),
       (478, 1442),
       (791, 1443),
       (1208, 1443),
       (9, 1443),
       (1194, 1443),
       (1201, 1444),
       (1207, 1444),
       (601, 1444),
       (137, 1444),
       (1026, 1445),
       (290, 1445),
       (838, 1445),
       (192, 1446),
       (500, 1446),
       (773, 1446),
       (965, 1447),
       (583, 1447),
       (329, 1447),
       (1195, 1447),
       (495, 1447),
       (642, 1448),
       (279, 1448),
       (1167, 1448),
       (817, 1449),
       (657, 1449),
       (2, 1449),
       (946, 1449),
       (950, 1449),
       (295, 1449),
       (423, 1449),
       (920, 1449),
       (1128, 1449),
       (146, 1450),
       (676, 1450),
       (517, 1450),
       (602, 1450),
       (235, 1450),
       (187, 1450),
       (1198, 1450),
       (591, 1450),
       (47, 1450),
       (38, 1451),
       (279, 1451),
       (476, 1451),
       (380, 1451),
       (593, 1452),
       (837, 1452),
       (550, 1452),
       (1127, 1452),
       (152, 1452),
       (1193, 1452),
       (153, 1452),
       (826, 1452),
       (34, 1453),
       (900, 1453),
       (1140, 1453),
       (52, 1453),
       (948, 1453),
       (294, 1453),
       (459, 1453),
       (316, 1453),
       (687, 1453),
       (199, 1454),
       (866, 1455),
       (867, 1455),
       (232, 1455),
       (9, 1455),
       (793, 1455),
       (186, 1455),
       (1130, 1455),
       (237, 1455),
       (595, 1456),
       (227, 1456),
       (71, 1456),
       (279, 1456),
       (473, 1456),
       (58, 1456),
       (859, 1456),
       (429, 1456),
       (689, 1457),
       (676, 1457),
       (692, 1457),
       (277, 1457),
       (522, 1457),
       (746, 1458),
       (172, 1458),
       (45, 1458),
       (897, 1459),
       (822, 1459),
       (234, 1459),
       (379, 1459),
       (782, 1459),
       (720, 1460),
       (134, 1460),
       (233, 1460),
       (906, 1460),
       (395, 1460),
       (12, 1460),
       (13, 1460),
       (543, 1460),
       (1012, 1461),
       (585, 1461),
       (658, 1462),
       (76, 1462),
       (1134, 1462),
       (1054, 1463),
       (610, 1464),
       (229, 1464),
       (888, 1464),
       (267, 1464),
       (1212, 1464),
       (1005, 1464),
       (893, 1464),
       (382, 1464),
       (719, 1464),
       (917, 1465),
       (837, 1465),
       (456, 1465),
       (936, 1465),
       (297, 1465),
       (473, 1465),
       (1195, 1465),
       (76, 1465),
       (140, 1465),
       (673, 1466),
       (321, 1466),
       (1032, 1466),
       (890, 1466),
       (891, 1466),
       (972, 1466),
       (1086, 1466),
       (511, 1466),
       (242, 1467),
       (578, 1467),
       (388, 1467),
       (277, 1467),
       (40, 1467),
       (713, 1468),
       (187, 1468),
       (1003, 1468),
       (270, 1468),
       (961, 1469),
       (354, 1469),
       (163, 1469),
       (312, 1469),
       (713, 1469),
       (475, 1469),
       (525, 1469),
       (751, 1469),
       (96, 1470),
       (690, 1470),
       (436, 1470),
       (43, 1470),
       (737, 1471),
       (281, 1471),
       (976, 1472),
       (88, 1472),
       (1146, 1472),
       (507, 1472),
       (797, 1472),
       (718, 1472),
       (62, 1472),
       (1073, 1473),
       (945, 1473),
       (161, 1473),
       (311, 1473),
       (647, 1473),
       (403, 1474),
       (249, 1474),
       (393, 1474),
       (490, 1474),
       (419, 1475),
       (354, 1476),
       (372, 1476),
       (760, 1476),
       (842, 1476),
       (781, 1476),
       (650, 1477),
       (1133, 1477),
       (1199, 1477),
       (483, 1478),
       (755, 1478),
       (709, 1478),
       (152, 1478),
       (875, 1478),
       (253, 1478),
       (749, 1478),
       (238, 1478),
       (282, 1479),
       (503, 1480),
       (528, 1481),
       (1029, 1481),
       (603, 1481),
       (113, 1482),
       (266, 1482),
       (730, 1482),
       (259, 1483),
       (476, 1483),
       (781, 1483),
       (446, 1483),
       (815, 1483),
       (485, 1484),
       (296, 1484),
       (668, 1484),
       (572, 1484),
       (477, 1484),
       (368, 1485),
       (275, 1485),
       (164, 1485),
       (934, 1485),
       (134, 1485),
       (457, 1485),
       (731, 1485),
       (398, 1485),
       (971, 1486),
       (48, 1487),
       (416, 1487),
       (707, 1487),
       (84, 1487),
       (902, 1487),
       (556, 1487),
       (559, 1487),
       (799, 1487),
       (1156, 1488),
       (1128, 1488),
       (316, 1488),
       (159, 1488),
       (208, 1489),
       (97, 1489),
       (978, 1490),
       (567, 1490),
       (77, 1490),
       (135, 1491),
       (571, 1491),
       (242, 1492),
       (326, 1492),
       (185, 1492),
       (224, 1493),
       (705, 1493),
       (1061, 1493),
       (73, 1493),
       (474, 1493),
       (363, 1493),
       (556, 1493),
       (1196, 1493),
       (718, 1493),
       (400, 1494),
       (1098, 1494),
       (1051, 1494),
       (686, 1494),
       (1044, 1495),
       (377, 1495),
       (186, 1495),
       (782, 1495),
       (1074, 1496),
       (227, 1496),
       (1092, 1496),
       (72, 1496),
       (1192, 1496),
       (10, 1496),
       (62, 1496),
       (751, 1496),
       (1152, 1497),
       (81, 1497),
       (914, 1497),
       (962, 1497),
       (1042, 1497),
       (300, 1497),
       (108, 1497),
       (973, 1497),
       (30, 1497),
       (452, 1498),
       (534, 1498),
       (813, 1498),
       (420, 1499),
       (934, 1499),
       (519, 1499),
       (983, 1499),
       (39, 1499),
       (1144, 1499),
       (905, 1499),
       (431, 1499),
       (48, 1500),
       (708, 1500),
       (420, 1500),
       (876, 1500),
       (350, 1500),
       (577, 1501),
       (1014, 1501),
       (1176, 1501),
       (872, 1501),
       (264, 1501),
       (237, 1501),
       (688, 1502),
       (563, 1502),
       (724, 1502),
       (292, 1502),
       (1205, 1502),
       (616, 1502),
       (90, 1502),
       (552, 1503),
       (91, 1503),
       (750, 1503),
       (468, 1504),
       (87, 1504),
       (952, 1504),
       (1000, 1504),
       (858, 1504),
       (268, 1504),
       (733, 1504),
       (431, 1504),
       (833, 1505),
       (739, 1505),
       (715, 1505),
       (380, 1505),
       (845, 1505),
       (801, 1506),
       (322, 1506),
       (690, 1506),
       (67, 1506),
       (344, 1506),
       (1098, 1506),
       (1066, 1506),
       (191, 1506),
       (577, 1507),
       (533, 1507),
       (1142, 1507),
       (70, 1507),
       (817, 1508),
       (710, 1509),
       (727, 1509),
       (473, 1509),
       (388, 1510),
       (646, 1510),
       (889, 1510),
       (1145, 1510),
       (1130, 1510),
       (895, 1510),
       (65, 1511),
       (738, 1511),
       (403, 1511),
       (245, 1511),
       (150, 1511),
       (1080, 1511),
       (153, 1511),
       (1006, 1511),
       (447, 1511),
       (162, 1512),
       (452, 1512),
       (1205, 1512),
       (23, 1512),
       (972, 1512),
       (525, 1512),
       (371, 1513),
       (693, 1514),
       (581, 1514),
       (57, 1514),
       (795, 1514),
       (428, 1514),
       (924, 1514),
       (45, 1514),
       (1209, 1515),
       (490, 1515),
       (237, 1515),
       (512, 1516),
       (872, 1516),
       (443, 1516),
       (733, 1516),
       (495, 1516),
       (225, 1517),
       (146, 1517),
       (306, 1517),
       (868, 1517),
       (843, 1517),
       (1020, 1517),
       (716, 1517),
       (125, 1517),
       (943, 1517),
       (531, 1518),
       (132, 1518),
       (855, 1518),
       (1065, 1518),
       (986, 1518),
       (539, 1518),
       (795, 1518),
       (190, 1518),
       (748, 1519),
       (1104, 1520),
       (355, 1520),
       (933, 1520),
       (328, 1520),
       (456, 1520),
       (1177, 1520),
       (667, 1520),
       (509, 1520),
       (862, 1520),
       (305, 1521),
       (946, 1521),
       (316, 1521),
       (566, 1522),
       (1184, 1523),
       (976, 1523),
       (1122, 1523),
       (376, 1523),
       (329, 1523),
       (571, 1523),
       (543, 1523),
       (120, 1524),
       (1033, 1524),
       (730, 1524),
       (1163, 1524),
       (1100, 1524),
       (718, 1524),
       (351, 1524),
       (997, 1525),
       (422, 1525),
       (624, 1526),
       (1136, 1526),
       (33, 1526),
       (609, 1526),
       (578, 1526),
       (1026, 1526),
       (213, 1526),
       (265, 1526),
       (1066, 1526),
       (33, 1527),
       (691, 1527),
       (564, 1527),
       (870, 1527),
       (1131, 1527),
       (380, 1527),
       (765, 1527),
       (1118, 1527),
       (943, 1527),
       (1199, 1528),
       (1136, 1529),
       (930, 1529),
       (610, 1529),
       (212, 1529),
       (356, 1529),
       (565, 1529),
       (183, 1529),
       (940, 1529),
       (686, 1529),
       (80, 1530),
       (916, 1530),
       (695, 1530),
       (8, 1530),
       (1129, 1530),
       (442, 1530),
       (95, 1530),
       (1025, 1531),
       (755, 1531),
       (99, 1531),
       (136, 1531),
       (602, 1531),
       (1003, 1531),
       (814, 1531),
       (719, 1531),
       (560, 1532),
       (369, 1532),
       (1202, 1532),
       (3, 1532),
       (500, 1532),
       (53, 1532),
       (986, 1532),
       (876, 1532),
       (141, 1532),
       (501, 1533),
       (423, 1533),
       (839, 1533),
       (1088, 1534),
       (305, 1534),
       (1105, 1534),
       (786, 1534),
       (707, 1534),
       (1028, 1534),
       (213, 1534),
       (75, 1534),
       (485, 1535),
       (757, 1535),
       (742, 1535),
       (185, 1535),
       (858, 1535),
       (731, 1535),
       (847, 1535),
       (772, 1536),
       (260, 1536),
       (249, 1536),
       (1194, 1536),
       (635, 1536),
       (464, 1537),
       (145, 1537),
       (1219, 1537),
       (407, 1537),
       (529, 1538),
       (933, 1538),
       (422, 1538),
       (1079, 1538),
       (618, 1538),
       (93, 1538),
       (1182, 1538),
       (273, 1539),
       (866, 1539),
       (564, 1539),
       (165, 1539),
       (825, 1539),
       (221, 1539),
       (358, 1540),
       (185, 1540),
       (1129, 1540),
       (380, 1540),
       (638, 1540),
       (597, 1541),
       (982, 1541),
       (471, 1541),
       (281, 1541),
       (57, 1541),
       (258, 1542),
       (1141, 1542),
       (176, 1543),
       (404, 1543),
       (1062, 1543),
       (812, 1543),
       (1026, 1544),
       (530, 1544),
       (131, 1544),
       (756, 1544),
       (630, 1544),
       (7, 1544),
       (823, 1544),
       (1191, 1544),
       (1102, 1544),
       (838, 1545),
       (542, 1545),
       (399, 1545),
       (307, 1546),
       (883, 1546),
       (167, 1546),
       (168, 1546),
       (1003, 1546),
       (301, 1546),
       (63, 1546),
       (1040, 1547),
       (65, 1547),
       (1154, 1547),
       (148, 1547),
       (315, 1547),
       (562, 1548),
       (1219, 1548),
       (396, 1548),
       (154, 1549),
       (525, 1549),
       (334, 1549),
       (177, 1550),
       (1091, 1550),
       (963, 1550),
       (6, 1550),
       (343, 1550),
       (71, 1550),
       (505, 1550),
       (1019, 1550),
       (620, 1550),
       (1202, 1551),
       (259, 1551),
       (1171, 1551),
       (36, 1551),
       (70, 1551),
       (638, 1551),
       (238, 1551),
       (1076, 1552),
       (726, 1552),
       (23, 1552),
       (155, 1552),
       (1073, 1553),
       (408, 1554),
       (702, 1554),
       (768, 1555),
       (1115, 1555),
       (1119, 1555),
       (1103, 1555),
       (1007, 1555),
       (1144, 1556),
       (528, 1557),
       (1090, 1557),
       (277, 1557),
       (823, 1557),
       (574, 1557),
       (994, 1558),
       (770, 1558),
       (703, 1558),
       (453, 1559),
       (1013, 1559),
       (1064, 1559),
       (985, 1559),
       (377, 1559),
       (970, 1559),
       (348, 1559),
       (893, 1559),
       (622, 1559),
       (80, 1560),
       (544, 1560),
       (386, 1560),
       (699, 1560),
       (1003, 1560),
       (13, 1560),
       (46, 1560),
       (354, 1561),
       (579, 1561),
       (212, 1561),
       (677, 1561),
       (1029, 1561),
       (870, 1562),
       (602, 1562),
       (672, 1563),
       (795, 1563),
       (432, 1564),
       (83, 1564),
       (533, 1564),
       (278, 1564),
       (971, 1564),
       (1037, 1564),
       (205, 1564),
       (863, 1564),
       (897, 1565),
       (754, 1565),
       (355, 1565),
       (158, 1565),
       (1215, 1566),
       (772, 1567),
       (376, 1567),
       (777, 1567),
       (608, 1568),
       (832, 1568),
       (657, 1568),
       (1187, 1568),
       (405, 1568),
       (1197, 1568),
       (1057, 1569),
       (707, 1569),
       (542, 1569),
       (1023, 1569),
       (960, 1570),
       (227, 1570),
       (836, 1570),
       (901, 1570),
       (1142, 1570),
       (151, 1570),
       (407, 1570),
       (746, 1570),
       (320, 1571),
       (938, 1571),
       (954, 1571),
       (331, 1571),
       (308, 1572),
       (441, 1572),
       (187, 1572),
       (973, 1572),
       (574, 1572),
       (1182, 1572),
       (207, 1572),
       (592, 1573),
       (321, 1573),
       (51, 1573),
       (732, 1573),
       (925, 1573),
       (451, 1574),
       (563, 1574),
       (1111, 1574),
       (393, 1574),
       (812, 1574),
       (1151, 1574),
       (913, 1575),
       (619, 1575),
       (957, 1575),
       (929, 1576),
       (869, 1576),
       (969, 1576),
       (171, 1576),
       (125, 1576),
       (1042, 1577),
       (434, 1577),
       (1187, 1577),
       (6, 1577),
       (1081, 1577),
       (73, 1577),
       (969, 1577),
       (42, 1577),
       (1053, 1577),
       (832, 1578),
       (721, 1578),
       (84, 1578),
       (277, 1578),
       (134, 1578),
       (203, 1578),
       (701, 1578),
       (621, 1578),
       (1041, 1579),
       (101, 1579),
       (823, 1579),
       (506, 1579),
       (555, 1579),
       (347, 1579),
       (679, 1580),
       (7, 1580),
       (520, 1580),
       (1152, 1581),
       (436, 1581),
       (864, 1582),
       (455, 1582),
       (600, 1582),
       (233, 1582),
       (26, 1582),
       (1212, 1582),
       (765, 1582),
       (30, 1582),
       (611, 1583),
       (789, 1583),
       (581, 1583),
       (109, 1583),
       (1009, 1584),
       (434, 1584),
       (386, 1584),
       (690, 1584),
       (371, 1584),
       (1208, 1584),
       (750, 1584),
       (801, 1585),
       (964, 1585),
       (893, 1585),
       (599, 1586),
       (1216, 1587),
       (850, 1587),
       (467, 1587),
       (877, 1587),
       (241, 1588),
       (290, 1588),
       (788, 1588),
       (170, 1588),
       (463, 1588),
       (448, 1589),
       (436, 1589),
       (284, 1589),
       (685, 1589),
       (672, 1590),
       (722, 1590),
       (279, 1590),
       (137, 1590),
       (975, 1590),
       (993, 1591),
       (210, 1591),
       (1193, 1591),
       (825, 1591),
       (364, 1591),
       (333, 1591),
       (479, 1591),
       (1184, 1592),
       (290, 1592),
       (839, 1593),
       (24, 1593),
       (1104, 1594),
       (753, 1594),
       (711, 1594),
       (523, 1594),
       (43, 1594),
       (413, 1594),
       (385, 1595),
       (529, 1595),
       (181, 1595),
       (662, 1595),
       (632, 1595),
       (410, 1595),
       (1071, 1595),
       (577, 1596),
       (753, 1596),
       (226, 1596),
       (453, 1596),
       (38, 1596),
       (32, 1597),
       (1155, 1597),
       (644, 1597),
       (116, 1597),
       (277, 1597),
       (704, 1598),
       (1105, 1598),
       (1043, 1598),
       (419, 1598),
       (85, 1598),
       (264, 1598),
       (635, 1598),
       (395, 1598),
       (772, 1599),
       (341, 1599),
       (839, 1599),
       (744, 1599),
       (363, 1599),
       (865, 1600),
       (2, 1600),
       (820, 1600),
       (711, 1600),
       (664, 1600),
       (1146, 1600),
       (27, 1600),
       (701, 1600),
       (334, 1600),
       (1104, 1601),
       (1040, 1601),
       (276, 1601),
       (401, 1602),
       (829, 1602),
       (736, 1603),
       (1040, 1603),
       (273, 1603),
       (35, 1603),
       (579, 1603),
       (85, 1603),
       (1062, 1603),
       (722, 1604),
       (610, 1604),
       (148, 1604),
       (581, 1604),
       (117, 1604),
       (678, 1604),
       (681, 1604),
       (1002, 1604),
       (522, 1604),
       (640, 1605),
       (194, 1605),
       (479, 1605),
       (182, 1606),
       (1206, 1606),
       (6, 1606),
       (695, 1606),
       (603, 1606),
       (508, 1606),
       (1200, 1607),
       (330, 1607),
       (1150, 1607),
       (191, 1607),
       (432, 1608),
       (305, 1608),
       (1154, 1608),
       (323, 1608),
       (691, 1608),
       (275, 1608),
       (111, 1608),
       (325, 1609),
       (935, 1609),
       (792, 1609),
       (138, 1609),
       (634, 1609),
       (587, 1609),
       (1020, 1609),
       (845, 1609),
       (1087, 1609),
       (736, 1610),
       (737, 1610),
       (275, 1610),
       (996, 1610),
       (1064, 1610),
       (11, 1610),
       (861, 1610),
       (1176, 1611),
       (1193, 1611),
       (281, 1611),
       (1115, 1611),
       (829, 1611),
       (190, 1611),
       (878, 1611),
       (1043, 1612),
       (551, 1612),
       (684, 1612),
       (124, 1612),
       (628, 1613),
       (1029, 1613),
       (934, 1613),
       (1143, 1613),
       (1097, 1613),
       (458, 1613),
       (75, 1613),
       (796, 1613),
       (897, 1614),
       (599, 1614),
       (489, 1614),
       (953, 1614),
       (574, 1614),
       (1058, 1615),
       (756, 1615),
       (603, 1615),
       (221, 1615),
       (415, 1615),
       (108, 1616),
       (294, 1617),
       (310, 1617),
       (700, 1617),
       (208, 1618),
       (580, 1618),
       (146, 1619),
       (455, 1619),
       (441, 1619),
       (729, 1619),
       (1115, 1619),
       (989, 1619),
       (825, 1620),
       (1072, 1621),
       (913, 1621),
       (868, 1621),
       (1112, 1621),
       (587, 1621),
       (124, 1621),
       (1167, 1621),
       (981, 1622),
       (72, 1622),
       (305, 1623),
       (531, 1623),
       (144, 1624),
       (96, 1624),
       (817, 1624),
       (947, 1624),
       (535, 1624),
       (153, 1624),
       (60, 1624),
       (334, 1624),
       (930, 1625),
       (611, 1625),
       (566, 1625),
       (103, 1625),
       (381, 1625),
       (1183, 1625),
       (239, 1625),
       (291, 1626),
       (583, 1626),
       (752, 1627),
       (806, 1627),
       (472, 1627),
       (376, 1627),
       (1040, 1628),
       (49, 1628),
       (36, 1628),
       (152, 1628),
       (120, 1629),
       (313, 1629),
       (443, 1629),
       (989, 1629),
       (109, 1629),
       (384, 1630),
       (1057, 1630),
       (1074, 1630),
       (147, 1630),
       (1111, 1630),
       (1004, 1630),
       (18, 1631),
       (1144, 1631),
       (120, 1631),
       (190, 1631),
       (356, 1632),
       (492, 1632),
       (1038, 1632),
       (1041, 1633),
       (1122, 1633),
       (627, 1633),
       (596, 1633),
       (335, 1633),
       (193, 1634),
       (898, 1634),
       (418, 1634),
       (1043, 1634),
       (54, 1634),
       (11, 1634),
       (845, 1634),
       (443, 1635),
       (399, 1635),
       (158, 1636),
       (753, 1637),
       (500, 1637),
       (148, 1637),
       (310, 1637),
       (936, 1637),
       (441, 1637),
       (1114, 1637),
       (1131, 1637),
       (884, 1638),
       (549, 1638),
       (906, 1638),
       (124, 1638),
       (428, 1638),
       (590, 1638),
       (591, 1638),
       (207, 1638),
       (624, 1639),
       (1013, 1639),
       (872, 1639),
       (842, 1639),
       (364, 1639),
       (432, 1640),
       (1138, 1640),
       (178, 1640),
       (131, 1640),
       (276, 1640),
       (1116, 1640),
       (332, 1640),
       (175, 1640),
       (1105, 1641),
       (39, 1641),
       (664, 1641),
       (696, 1641),
       (1082, 1641),
       (477, 1641),
       (1182, 1641),
       (974, 1641),
       (240, 1642),
       (371, 1642),
       (1141, 1642),
       (743, 1642),
       (636, 1642),
       (860, 1642),
       (782, 1642),
       (703, 1642),
       (935, 1643),
       (1178, 1643),
       (203, 1643),
       (44, 1643),
       (1040, 1644),
       (49, 1644),
       (402, 1644),
       (405, 1644),
       (936, 1644),
       (1098, 1644),
       (1035, 1644),
       (876, 1644),
       (64, 1645),
       (292, 1645),
       (244, 1645),
       (391, 1645),
       (139, 1645),
       (1084, 1645),
       (989, 1645),
       (1071, 1645),
       (290, 1646),
       (941, 1646),
       (659, 1647),
       (1157, 1647),
       (198, 1647),
       (442, 1647),
       (1010, 1648),
       (56, 1648),
       (331, 1648),
       (1190, 1649),
       (345, 1649),
       (1200, 1650),
       (1090, 1650),
       (468, 1650),
       (1028, 1650),
       (645, 1650),
       (75, 1650),
       (1164, 1650),
       (1069, 1650),
       (159, 1650),
       (920, 1651),
       (649, 1651),
       (1136, 1652),
       (883, 1652),
       (198, 1652),
       (281, 1652),
       (636, 1652),
       (220, 1652),
       (124, 1652),
       (514, 1653),
       (755, 1653),
       (515, 1653),
       (1044, 1653),
       (1193, 1653),
       (747, 1653),
       (126, 1653),
       (833, 1654),
       (1139, 1654),
       (980, 1654),
       (741, 1654),
       (1158, 1654),
       (295, 1654),
       (872, 1654),
       (1149, 1654),
       (448, 1655),
       (849, 1655),
       (210, 1655),
       (594, 1655),
       (691, 1655),
       (1194, 1655),
       (653, 1655),
       (894, 1655),
       (303, 1655),
       (722, 1656),
       (1108, 1656),
       (198, 1656),
       (265, 1656),
       (538, 1656),
       (235, 1656),
       (476, 1656),
       (704, 1657),
       (978, 1657),
       (233, 1657),
       (841, 1657),
       (1180, 1657),
       (143, 1657),
       (738, 1658),
       (323, 1658),
       (854, 1658),
       (539, 1658),
       (86, 1659),
       (990, 1659),
       (81, 1660),
       (1170, 1660),
       (1028, 1660),
       (841, 1660),
       (346, 1660),
       (173, 1660),
       (558, 1660),
       (163, 1661),
       (457, 1661),
       (281, 1661),
       (380, 1661),
       (319, 1661),
       (16, 1662),
       (323, 1662),
       (634, 1662),
       (658, 1663),
       (788, 1663),
       (208, 1664),
       (418, 1664),
       (963, 1664),
       (1113, 1664),
       (380, 1664),
       (845, 1664),
       (605, 1664),
       (768, 1665),
       (882, 1665),
       (1141, 1665),
       (903, 1665),
       (8, 1665),
       (360, 1665),
       (892, 1665),
       (80, 1666),
       (885, 1666),
       (1013, 1666),
       (1014, 1666),
       (600, 1666),
       (299, 1666),
       (848, 1667),
       (464, 1667),
       (67, 1667),
       (1078, 1667),
       (198, 1667),
       (1130, 1667),
       (540, 1667),
       (1197, 1667),
       (338, 1668),
       (931, 1668),
       (340, 1668),
       (100, 1668),
       (406, 1668),
       (1129, 1668),
       (74, 1668),
       (712, 1669),
       (202, 1669),
       (656, 1670),
       (1058, 1670),
       (8, 1670),
       (65, 1671),
       (645, 1671),
       (505, 1671),
       (985, 1671),
       (1051, 1671),
       (27, 1671),
       (349, 1671),
       (654, 1671),
       (705, 1672),
       (148, 1672),
       (477, 1672),
       (1072, 1673),
       (802, 1673),
       (387, 1673),
       (392, 1673),
       (1129, 1673),
       (1020, 1673),
       (1005, 1673),
       (1022, 1673),
       (271, 1673),
       (682, 1674),
       (1204, 1675),
       (53, 1675),
       (78, 1675),
       (352, 1676),
       (689, 1676),
       (929, 1676),
       (130, 1676),
       (181, 1676),
       (824, 1676),
       (156, 1676),
       (285, 1676),
       (271, 1676),
       (531, 1677),
       (198, 1677),
       (39, 1677),
       (634, 1677),
       (492, 1677),
       (893, 1677),
       (1006, 1677),
       (991, 1677),
       (996, 1678),
       (170, 1678),
       (539, 1678),
       (380, 1678),
       (610, 1679),
       (642, 1679),
       (167, 1679),
       (1017, 1679),
       (57, 1680),
       (463, 1680),
       (703, 1680),
       (1184, 1681),
       (416, 1681),
       (33, 1681),
       (51, 1681),
       (275, 1681),
       (1156, 1681),
       (649, 1681),
       (1177, 1681),
       (614, 1682),
       (390, 1682),
       (448, 1683),
       (805, 1683),
       (939, 1683),
       (1105, 1684),
       (353, 1684),
       (466, 1684),
       (963, 1684),
       (518, 1684),
       (455, 1684),
       (552, 1684),
       (873, 1684),
       (237, 1684),
       (483, 1685),
       (409, 1685),
       (330, 1685),
       (346, 1685),
       (33, 1686),
       (178, 1686),
       (276, 1686),
       (677, 1686),
       (519, 1686),
       (1063, 1686),
       (333, 1686),
       (637, 1686),
       (809, 1687),
       (905, 1687),
       (836, 1688),
       (55, 1688),
       (823, 1688),
       (123, 1688),
       (589, 1688),
       (398, 1688),
       (1103, 1688),
       (223, 1688),
       (725, 1689),
       (1081, 1689),
       (489, 1689),
       (925, 1689),
       (1103, 1689),
       (1055, 1689),
       (755, 1690),
       (40, 1690),
       (1161, 1690),
       (396, 1690),
       (317, 1690),
       (943, 1690),
       (528, 1691),
       (1201, 1691),
       (193, 1691),
       (1122, 1691),
       (1132, 1691),
       (1089, 1692),
       (52, 1692),
       (679, 1692),
       (830, 1692),
       (82, 1693),
       (933, 1693),
       (503, 1693),
       (951, 1693),
       (810, 1693),
       (187, 1693),
       (29, 1693),
       (211, 1694),
       (739, 1694),
       (279, 1694),
       (1159, 1694),
       (986, 1694),
       (587, 1694),
       (12, 1694),
       (876, 1694),
       (94, 1694),
       (642, 1695),
       (979, 1695),
       (404, 1695),
       (742, 1695),
       (1030, 1695),
       (455, 1695),
       (984, 1695),
       (396, 1695),
       (350, 1695),
       (704, 1696),
       (672, 1696),
       (769, 1696),
       (796, 1696),
       (461, 1696),
       (287, 1696),
       (47, 1696),
       (402, 1697),
       (274, 1697),
       (1204, 1697),
       (1045, 1697),
       (618, 1697),
       (286, 1697),
       (702, 1697),
       (244, 1698),
       (203, 1698),
       (15, 1698),
       (528, 1699),
       (480, 1700),
       (944, 1700),
       (55, 1700),
       (297, 1700),
       (842, 1700),
       (347, 1700),
       (156, 1700),
       (845, 1700),
       (1056, 1701),
       (179, 1701),
       (808, 1701),
       (169, 1701),
       (1038, 1701),
       (575, 1701),
       (422, 1702),
       (928, 1703),
       (1089, 1703),
       (822, 1703),
       (823, 1703),
       (858, 1703),
       (283, 1703),
       (1197, 1703),
       (462, 1703),
       (318, 1703),
       (98, 1704),
       (931, 1704),
       (485, 1704),
       (1126, 1704),
       (344, 1704),
       (56, 1704),
       (1161, 1704),
       (1149, 1704),
       (929, 1705),
       (756, 1705),
       (640, 1706),
       (449, 1706),
       (627, 1706),
       (467, 1706),
       (102, 1706),
       (1196, 1706),
       (285, 1706),
       (813, 1706),
       (287, 1706),
       (596, 1707),
       (1157, 1707),
       (1037, 1707),
       (462, 1707),
       (1158, 1708),
       (1207, 1708),
       (827, 1708),
       (462, 1709),
       (161, 1710),
       (626, 1710),
       (467, 1710),
       (1107, 1710),
       (1156, 1710),
       (713, 1710),
       (489, 1710),
       (1178, 1710),
       (1213, 1710),
       (770, 1711),
       (694, 1711),
       (635, 1711),
       (1131, 1711),
       (355, 1712),
       (372, 1712),
       (75, 1712),
       (866, 1713),
       (1046, 1713),
       (1098, 1713),
       (90, 1713),
       (301, 1713),
       (175, 1713),
       (993, 1714),
       (742, 1714),
       (537, 1714),
       (427, 1714),
       (1148, 1714),
       (237, 1714),
       (959, 1714),
       (80, 1715),
       (259, 1715),
       (489, 1715),
       (172, 1715),
       (1169, 1716),
       (179, 1716),
       (52, 1716),
       (791, 1716),
       (169, 1716),
       (1065, 1716),
       (1116, 1716),
       (462, 1716),
       (861, 1717),
       (1171, 1718),
       (1007, 1718),
       (292, 1719),
       (522, 1719),
       (237, 1719),
       (703, 1719),
       (975, 1719),
       (817, 1720),
       (708, 1720),
       (424, 1720),
       (315, 1720),
       (849, 1721),
       (968, 1721),
       (1017, 1721),
       (748, 1721),
       (797, 1721),
       (1154, 1722),
       (406, 1722),
       (343, 1722),
       (119, 1722),
       (121, 1722),
       (777, 1722),
       (409, 1722),
       (1146, 1722),
       (1196, 1722),
       (369, 1723),
       (532, 1723),
       (985, 1723),
       (703, 1724),
       (1008, 1725),
       (625, 1725),
       (482, 1725),
       (983, 1725),
       (519, 1725),
       (879, 1725),
       (255, 1725),
       (719, 1725),
       (817, 1726),
       (1138, 1726),
       (35, 1726),
       (724, 1726),
       (965, 1726),
       (1173, 1726),
       (633, 1726),
       (288, 1727),
       (720, 1727),
       (1185, 1727),
       (196, 1727),
       (325, 1727),
       (533, 1727),
       (870, 1727),
       (908, 1727),
       (173, 1727),
       (612, 1728),
       (1172, 1729),
       (150, 1730),
       (318, 1730),
       (688, 1731),
       (746, 1731),
       (928, 1732),
       (834, 1732),
       (1203, 1732),
       (743, 1732),
       (248, 1732),
       (778, 1732),
       (27, 1732),
       (802, 1733),
       (36, 1733),
       (213, 1733),
       (91, 1733),
       (348, 1733),
       (416, 1734),
       (388, 1734),
       (868, 1734),
       (759, 1734),
       (423, 1734),
       (1048, 1734),
       (1180, 1734),
       (1101, 1734),
       (387, 1735),
       (340, 1735),
       (727, 1735),
       (440, 1735),
       (696, 1735),
       (650, 1735),
       (1034, 1735),
       (1002, 1735),
       (654, 1735),
       (312, 1736),
       (293, 1737),
       (166, 1737),
       (488, 1737),
       (698, 1737),
       (335, 1737),
       (223, 1737),
       (378, 1738),
       (522, 1738),
       (303, 1738),
       (227, 1739),
       (677, 1739),
       (224, 1740),
       (785, 1740),
       (371, 1740),
       (1076, 1740),
       (156, 1740),
       (1116, 1740),
       (685, 1740),
       (1118, 1740),
       (880, 1741),
       (240, 1741),
       (66, 1741),
       (867, 1741),
       (787, 1741),
       (1108, 1741),
       (1110, 1741),
       (683, 1741),
       (541, 1741),
       (164, 1742),
       (933, 1742),
       (551, 1742),
       (791, 1742),
       (296, 1742),
       (393, 1742),
       (811, 1742),
       (221, 1742),
       (290, 1743),
       (837, 1743),
       (1004, 1743),
       (310, 1744),
       (920, 1744),
       (826, 1744),
       (683, 1744),
       (718, 1744),
       (335, 1744),
       (47, 1744),
       (993, 1745),
       (16, 1746),
       (530, 1746),
       (421, 1746),
       (1003, 1746),
       (1132, 1746),
       (77, 1746),
       (957, 1746),
       (768, 1747),
       (1123, 1747),
       (455, 1747),
       (141, 1747),
       (430, 1747),
       (432, 1748),
       (385, 1748),
       (914, 1748),
       (725, 1748),
       (598, 1748),
       (552, 1748),
       (377, 1748),
       (875, 1748),
       (525, 1748),
       (570, 1749),
       (144, 1750),
       (128, 1750),
       (1090, 1750),
       (1143, 1750),
       (1003, 1750),
       (283, 1750),
       (238, 1750),
       (47, 1750),
       (623, 1750),
       (720, 1751),
       (1082, 1751),
       (305, 1752),
       (1057, 1752),
       (1090, 1752),
       (698, 1752),
       (42, 1752),
       (474, 1752),
       (43, 1752),
       (703, 1752),
       (996, 1753),
       (181, 1753),
       (726, 1753),
       (604, 1753),
       (973, 1753),
       (351, 1753),
       (642, 1754),
       (1172, 1754),
       (932, 1754),
       (1029, 1754),
       (726, 1754),
       (1032, 1754),
       (382, 1754),
       (607, 1754),
       (1136, 1755),
       (546, 1755),
       (868, 1755),
       (199, 1755),
       (991, 1755),
       (11, 1756),
       (783, 1756),
       (116, 1757),
       (1158, 1757),
       (438, 1757),
       (424, 1757),
       (1147, 1757),
       (717, 1757),
       (541, 1758),
       (702, 1758),
       (727, 1759),
       (859, 1759),
       (511, 1759),
       (992, 1760),
       (545, 1760),
       (210, 1760),
       (344, 1760),
       (1097, 1760),
       (651, 1760),
       (283, 1760),
       (1149, 1760),
       (146, 1761),
       (547, 1761),
       (1219, 1761),
       (406, 1761),
       (1063, 1761),
       (567, 1761),
       (1177, 1761),
       (42, 1761),
       (747, 1761),
       (1106, 1762),
       (882, 1762),
       (694, 1762),
       (727, 1762),
       (584, 1762),
       (217, 1762),
       (649, 1762),
       (234, 1762),
       (352, 1763),
       (483, 1763),
       (182, 1763),
       (823, 1763),
       (1160, 1763),
       (168, 1763),
       (782, 1763),
       (770, 1764),
       (1187, 1764),
       (277, 1764),
       (5, 1764),
       (904, 1764),
       (121, 1764),
       (956, 1764),
       (626, 1765),
       (949, 1765),
       (293, 1765),
       (726, 1765),
       (776, 1765),
       (120, 1765),
       (920, 1765),
       (817, 1766),
       (840, 1766),
       (218, 1766),
       (238, 1766),
       (286, 1766),
       (752, 1767),
       (605, 1767),
       (1071, 1767),
       (577, 1768),
       (886, 1768),
       (266, 1768),
       (1033, 1769),
       (809, 1769),
       (1131, 1769),
       (717, 1769),
       (973, 1769),
       (687, 1769),
       (578, 1770),
       (784, 1771),
       (145, 1771),
       (706, 1771),
       (771, 1771),
       (1172, 1771),
       (87, 1771),
       (634, 1771),
       (539, 1771),
       (811, 1771),
       (608, 1772),
       (723, 1772),
       (229, 1772),
       (231, 1772),
       (840, 1772),
       (150, 1773),
       (203, 1773),
       (891, 1773),
       (878, 1773),
       (303, 1773),
       (833, 1774),
       (256, 1775),
       (960, 1775),
       (530, 1775),
       (182, 1775),
       (119, 1775),
       (382, 1775),
       (1040, 1776),
       (993, 1776),
       (819, 1776),
       (1124, 1776),
       (885, 1776),
       (1047, 1776),
       (23, 1776),
       (523, 1776),
       (913, 1777),
       (483, 1777),
       (1030, 1777),
       (328, 1777),
       (220, 1777),
       (748, 1777),
       (77, 1777),
       (269, 1777),
       (64, 1778),
       (419, 1778),
       (1157, 1779),
       (170, 1779),
       (691, 1780),
       (966, 1780),
       (752, 1781),
       (195, 1781),
       (86, 1781),
       (358, 1781),
       (1208, 1781),
       (1114, 1781),
       (1116, 1781),
       (465, 1782),
       (987, 1782),
       (464, 1783),
       (786, 1783),
       (613, 1783),
       (614, 1783),
       (390, 1783),
       (1196, 1783),
       (1006, 1783),
       (483, 1784),
       (172, 1784),
       (672, 1785),
       (489, 1785),
       (925, 1785),
       (879, 1785),
       (264, 1786),
       (721, 1787),
       (134, 1787),
       (665, 1787),
       (735, 1787),
       (738, 1788),
       (724, 1788),
       (823, 1788),
       (39, 1788),
       (314, 1788),
       (623, 1788),
       (415, 1788),
       (1060, 1789),
       (881, 1790),
       (1091, 1790),
       (969, 1790),
       (1162, 1790),
       (252, 1790),
       (1199, 1790),
       (962, 1791),
       (1110, 1791),
       (758, 1791),
       (696, 1791),
       (189, 1791),
       (8, 1792),
       (380, 1792),
       (277, 1793),
       (824, 1793),
       (1009, 1794),
       (549, 1794),
       (728, 1794),
       (1176, 1794),
       (619, 1794),
       (497, 1795),
       (245, 1795),
       (1098, 1795),
       (542, 1795),
       (448, 1796),
       (977, 1796),
       (915, 1796),
       (1161, 1796),
       (538, 1796),
       (477, 1796),
       (641, 1797),
       (1123, 1797),
       (451, 1797),
       (597, 1797),
       (1206, 1797),
       (1127, 1797),
       (424, 1797),
       (235, 1797),
       (656, 1798),
       (1043, 1798),
       (388, 1798),
       (809, 1798),
       (1021, 1798),
       (275, 1799),
       (90, 1799),
       (43, 1799),
       (176, 1800),
       (338, 1800),
       (148, 1800),
       (88, 1800),
       (473, 1800),
       (1020, 1800),
       (974, 1800),
       (94, 1800),
       (656, 1801),
       (199, 1801),
       (859, 1801),
       (1120, 1802),
       (577, 1802),
       (1048, 1802),
       (1064, 1802),
       (217, 1802),
       (380, 1802),
       (47, 1802),
       (1013, 1803),
       (741, 1803),
       (88, 1803),
       (137, 1803),
       (762, 1803),
       (653, 1803),
       (557, 1803),
       (929, 1804),
       (1011, 1804),
       (196, 1804),
       (996, 1804),
       (342, 1804),
       (134, 1804),
       (267, 1804),
       (283, 1804),
       (365, 1804),
       (172, 1805),
       (556, 1806),
       (168, 1807),
       (715, 1807),
       (1213, 1807),
       (911, 1807),
       (885, 1808),
       (1004, 1808),
       (864, 1809),
       (177, 1809),
       (915, 1809),
       (516, 1809),
       (695, 1809),
       (953, 1809),
       (1132, 1809),
       (1044, 1810),
       (596, 1810),
       (68, 1810),
       (989, 1810),
       (624, 1811),
       (256, 1811),
       (658, 1811),
       (946, 1811),
       (776, 1811),
       (906, 1811),
       (29, 1811),
       (254, 1811),
       (1023, 1811),
       (802, 1812),
       (947, 1812),
       (611, 1812),
       (757, 1812),
       (504, 1812),
       (61, 1812),
       (766, 1812),
       (18, 1813),
       (855, 1813),
       (172, 1813),
       (291, 1814),
       (710, 1814),
       (455, 1814),
       (460, 1814),
       (540, 1814),
       (960, 1815),
       (1105, 1815),
       (1089, 1815),
       (693, 1815),
       (791, 1815),
       (945, 1816),
       (338, 1816),
       (1020, 1816),
       (941, 1816),
       (593, 1817),
       (707, 1817),
       (309, 1817),
       (23, 1817),
       (1066, 1817),
       (1210, 1817),
       (107, 1817),
       (1067, 1817),
       (193, 1818),
       (115, 1818),
       (1100, 1818),
       (1213, 1818),
       (273, 1819),
       (76, 1819),
       (1165, 1819),
       (829, 1819),
       (478, 1819),
       (1166, 1819),
       (206, 1819),
       (1157, 1820),
       (637, 1820),
       (237, 1820),
       (908, 1821),
       (140, 1821),
       (447, 1821),
       (976, 1822),
       (244, 1822),
       (744, 1822),
       (553, 1822),
       (489, 1822),
       (938, 1822),
       (236, 1822),
       (332, 1822),
       (1088, 1823),
       (276, 1823),
       (1170, 1824),
       (120, 1824),
       (235, 1824),
       (766, 1824),
       (382, 1824),
       (1055, 1824),
       (1152, 1825),
       (664, 1825),
       (890, 1825),
       (1180, 1825),
       (892, 1825),
       (686, 1825),
       (271, 1825),
       (840, 1826),
       (552, 1826),
       (1181, 1826),
       (910, 1826),
       (145, 1827),
       (402, 1827),
       (853, 1827),
       (550, 1827),
       (295, 1827),
       (525, 1827),
       (609, 1828),
       (227, 1828),
       (436, 1828),
       (421, 1828),
       (1126, 1828),
       (471, 1828),
       (221, 1828),
       (13, 1828),
       (704, 1829),
       (98, 1829),
       (99, 1829),
       (691, 1829),
       (164, 1829),
       (902, 1829),
       (1067, 1829),
       (401, 1830),
       (967, 1830),
       (361, 1830),
       (57, 1830),
       (137, 1830),
       (923, 1830),
       (683, 1830),
       (356, 1831),
       (85, 1831),
       (808, 1831),
       (545, 1832),
       (664, 1832),
       (537, 1832),
       (326, 1833),
       (615, 1833),
       (952, 1833),
       (344, 1833),
       (938, 1833),
       (699, 1833),
       (524, 1833),
       (509, 1833),
       (270, 1833),
       (125, 1834),
       (800, 1835),
       (162, 1835),
       (147, 1835),
       (69, 1835),
       (678, 1835),
       (31, 1835),
       (479, 1835),
       (527, 1835),
       (1153, 1836),
       (739, 1836),
       (1125, 1836),
       (288, 1837),
       (980, 1837),
       (1062, 1837),
       (71, 1837),
       (568, 1837),
       (478, 1837),
       (207, 1837),
       (646, 1838),
       (582, 1838),
       (347, 1838),
       (115, 1839),
       (995, 1839),
       (627, 1839),
       (1013, 1839),
       (934, 1839),
       (762, 1839),
       (923, 1839),
       (912, 1840),
       (1209, 1840),
       (42, 1840),
       (667, 1840),
       (153, 1841),
       (937, 1841),
       (556, 1841),
       (1038, 1841),
       (959, 1841),
       (1008, 1842),
       (262, 1842),
       (279, 1842),
       (1209, 1842),
       (45, 1842),
       (879, 1842),
       (443, 1843),
       (411, 1843),
       (172, 1843),
       (1069, 1843),
       (560, 1844),
       (1192, 1844),
       (200, 1844),
       (1036, 1844),
       (156, 1844),
       (1132, 1845),
       (544, 1846),
       (320, 1846),
       (865, 1846),
       (797, 1846),
       (746, 1847),
       (731, 1847),
       (699, 1847),
       (1213, 1847),
       (685, 1847),
       (353, 1848),
       (803, 1848),
       (260, 1848),
       (616, 1848),
       (427, 1848),
       (1197, 1848),
       (717, 1848),
       (18, 1849),
       (867, 1849),
       (147, 1849),
       (1062, 1849),
       (632, 1849),
       (1085, 1849),
       (863, 1849),
       (321, 1850),
       (298, 1850),
       (398, 1850),
       (800, 1851),
       (84, 1851),
       (596, 1851),
       (200, 1851),
       (824, 1851),
       (938, 1851),
       (251, 1851),
       (1059, 1852),
       (614, 1852),
       (951, 1852),
       (649, 1852),
       (621, 1852),
       (1119, 1852),
       (242, 1853),
       (629, 1853),
       (501, 1853),
       (645, 1853),
       (553, 1853),
       (1212, 1853),
       (29, 1853),
       (799, 1853),
       (1046, 1854),
       (634, 1854),
       (336, 1855),
       (835, 1855),
       (758, 1855),
       (631, 1855),
       (858, 1855),
       (782, 1855),
       (570, 1856),
       (299, 1856),
       (716, 1856),
       (860, 1856),
       (241, 1857),
       (481, 1857),
       (291, 1857),
       (1029, 1857),
       (1189, 1857),
       (485, 1857),
       (487, 1857),
       (240, 1858),
       (755, 1858),
       (1045, 1858),
       (694, 1858),
       (394, 1858),
       (479, 1858),
       (111, 1858),
       (677, 1859),
       (1078, 1859),
       (1192, 1859),
       (986, 1859),
       (464, 1860),
       (994, 1860),
       (338, 1860),
       (740, 1860),
       (87, 1860),
       (312, 1860),
       (490, 1860),
       (746, 1860),
       (130, 1861),
       (41, 1861),
       (873, 1861),
       (89, 1861),
       (1087, 1861),
       (799, 1861),
       (609, 1862),
       (771, 1862),
       (436, 1862),
       (1061, 1862),
       (186, 1862),
       (266, 1862),
       (1052, 1862),
       (925, 1863),
       (16, 1864),
       (694, 1864),
       (794, 1864),
       (1147, 1864),
       (1052, 1864),
       (997, 1865),
       (633, 1865),
       (739, 1866),
       (837, 1866),
       (230, 1866),
       (538, 1866),
       (1197, 1866),
       (1213, 1866),
       (29, 1866),
       (558, 1866),
       (256, 1867),
       (915, 1867),
       (917, 1867),
       (1032, 1867),
       (777, 1867),
       (1057, 1868),
       (417, 1868),
       (707, 1868),
       (20, 1868),
       (517, 1868),
       (825, 1868),
       (285, 1868),
       (869, 1869),
       (1162, 1869),
       (412, 1869),
       (733, 1869),
       (541, 1869),
       (304, 1870),
       (1170, 1871),
       (914, 1871),
       (149, 1871),
       (101, 1871),
       (1208, 1871),
       (1021, 1871),
       (1168, 1872),
       (68, 1872),
       (233, 1872),
       (217, 1872),
       (329, 1872),
       (174, 1872),
       (1202, 1873),
       (339, 1873),
       (516, 1873),
       (855, 1873),
       (7, 1873),
       (792, 1873),
       (1144, 1873),
       (28, 1873),
       (450, 1874),
       (370, 1874),
       (483, 1874),
       (37, 1874),
       (247, 1874),
       (887, 1874),
       (25, 1874),
       (522, 1874),
       (91, 1874),
       (992, 1875),
       (1126, 1875),
       (697, 1875),
       (377, 1875),
       (138, 1875),
       (298, 1875),
       (954, 1875),
       (684, 1875),
       (349, 1875),
       (81, 1876),
       (538, 1876),
       (1201, 1877),
       (1159, 1877),
       (922, 1877),
       (251, 1877),
       (348, 1877),
       (352, 1878),
       (659, 1878),
       (1027, 1878),
       (389, 1878),
       (1207, 1878),
       (1102, 1878),
       (529, 1879),
       (102, 1879),
       (840, 1879),
       (297, 1879),
       (779, 1879),
       (831, 1879),
       (903, 1880),
       (455, 1880),
       (1152, 1881),
       (736, 1881),
       (1195, 1881),
       (493, 1881),
       (377, 1882),
       (954, 1882),
       (1214, 1882),
       (458, 1883),
       (91, 1883),
       (627, 1884),
       (51, 1884),
       (1015, 1884),
       (1035, 1884),
       (157, 1884),
       (942, 1884),
       (559, 1884),
       (553, 1885),
       (1020, 1886),
       (862, 1886),
       (625, 1887),
       (241, 1888),
       (417, 1888),
       (501, 1888),
       (438, 1888),
       (886, 1888),
       (503, 1888),
       (408, 1888),
       (824, 1888),
       (1035, 1888),
       (1137, 1889),
       (178, 1889),
       (185, 1889),
       (794, 1889),
       (875, 1889),
       (1084, 1889),
       (525, 1889),
       (223, 1889),
       (1023, 1889),
       (1088, 1890),
       (486, 1890),
       (1144, 1890),
       (1209, 1890),
       (603, 1890),
       (940, 1890),
       (1062, 1891),
       (493, 1891),
       (222, 1891),
       (671, 1891),
       (927, 1891),
       (287, 1891),
       (274, 1892),
       (1203, 1892),
       (935, 1892),
       (605, 1892),
       (255, 1892),
       (299, 1893),
       (320, 1894),
       (1058, 1894),
       (1011, 1894),
       (1060, 1894),
       (21, 1894),
       (885, 1894),
       (712, 1894),
       (477, 1894),
       (623, 1894),
       (340, 1895),
       (762, 1895),
       (876, 1895),
       (862, 1895),
       (1151, 1895),
       (627, 1896),
       (64, 1897),
       (978, 1897),
       (274, 1897),
       (372, 1897),
       (935, 1897),
       (522, 1897),
       (44, 1897),
       (237, 1897),
       (462, 1897),
       (534, 1898),
       (903, 1898),
       (939, 1898),
       (700, 1898),
       (748, 1898),
       (366, 1898),
       (304, 1899),
       (416, 1899),
       (546, 1899),
       (515, 1899),
       (116, 1899),
       (532, 1899),
       (726, 1899),
       (28, 1899),
       (1006, 1899),
       (796, 1900),
       (1153, 1901),
       (401, 1901),
       (663, 1901),
       (521, 1901),
       (828, 1901),
       (429, 1901),
       (1197, 1902),
       (331, 1903),
       (226, 1904),
       (802, 1904),
       (1044, 1904),
       (773, 1904),
       (151, 1904),
       (871, 1904),
       (520, 1904),
       (172, 1904),
       (590, 1904),
       (775, 1905),
       (1022, 1905),
       (592, 1906),
       (240, 1906),
       (801, 1906),
       (177, 1906),
       (483, 1906),
       (1014, 1906),
       (567, 1906),
       (1132, 1906),
       (494, 1906),
       (787, 1907),
       (1141, 1907),
       (583, 1907),
       (72, 1907),
       (696, 1907),
       (1050, 1907),
       (239, 1907),
       (66, 1908),
       (757, 1908),
       (263, 1908),
       (983, 1908),
       (1192, 1908),
       (778, 1908),
       (236, 1908),
       (540, 1908),
       (1198, 1908),
       (996, 1909),
       (1076, 1909),
       (567, 1909),
       (759, 1909),
       (984, 1909),
       (889, 1909),
       (122, 1909),
       (604, 1909),
       (840, 1910),
       (332, 1910),
       (896, 1911),
       (1201, 1911),
       (741, 1911),
       (870, 1911),
       (1165, 1911),
       (649, 1912),
       (921, 1912),
       (445, 1912),
       (242, 1913),
       (83, 1913),
       (997, 1913),
       (70, 1913),
       (1206, 1913),
       (1048, 1913),
       (298, 1913),
       (795, 1913),
       (765, 1913),
       (368, 1914),
       (1216, 1914),
       (1029, 1914),
       (294, 1914),
       (872, 1914),
       (520, 1914),
       (813, 1914),
       (286, 1914),
       (749, 1915),
       (46, 1915),
       (834, 1916),
       (151, 1916),
       (447, 1916),
       (564, 1917),
       (502, 1918),
       (1175, 1918),
       (716, 1918),
       (1101, 1918),
       (366, 1918),
       (935, 1919),
       (877, 1919),
       (516, 1920),
       (534, 1920),
       (1088, 1921),
       (622, 1921),
       (1102, 1921),
       (1152, 1922),
       (768, 1923),
       (453, 1923),
       (758, 1923),
       (504, 1923),
       (552, 1923),
       (617, 1923),
       (34, 1924),
       (310, 1924),
       (1207, 1924),
       (863, 1924),
       (195, 1925),
       (1077, 1925),
       (314, 1925),
       (107, 1925),
       (1147, 1925),
       (431, 1925),
       (948, 1926),
       (133, 1926),
       (792, 1926),
       (348, 1926),
       (563, 1927),
       (650, 1927),
       (187, 1927),
       (85, 1928),
       (945, 1929),
       (1011, 1929),
       (501, 1929),
       (1160, 1929),
       (1049, 1929),
       (410, 1929),
       (683, 1929),
       (780, 1929),
       (33, 1930),
       (270, 1930),
       (463, 1930),
       (979, 1931),
       (985, 1931),
       (364, 1931),
       (705, 1932),
       (835, 1932),
       (1075, 1932),
       (996, 1932),
       (23, 1932),
       (985, 1932),
       (1081, 1932),
       (346, 1932),
       (572, 1932),
       (801, 1933),
       (640, 1934),
       (769, 1934),
       (1042, 1934),
       (882, 1934),
       (168, 1934),
       (425, 1934),
       (745, 1934),
       (346, 1934),
       (481, 1935),
       (217, 1935),
       (399, 1935),
       (900, 1936),
       (440, 1936),
       (537, 1936),
       (185, 1936),
       (955, 1936),
       (604, 1936),
       (637, 1936),
       (1089, 1937),
       (566, 1937),
       (184, 1937),
       (1000, 1937),
       (90, 1937),
       (475, 1937),
       (1132, 1937),
       (766, 1937),
       (95, 1937),
       (1057, 1938),
       (532, 1938),
       (807, 1938),
       (680, 1938),
       (316, 1938),
       (348, 1938),
       (382, 1938),
       (97, 1939),
       (163, 1939),
       (373, 1939),
       (174, 1939),
       (48, 1940),
       (33, 1940),
       (1076, 1940),
       (278, 1940),
       (231, 1940),
       (749, 1940),
       (397, 1940),
       (485, 1941),
       (1126, 1941),
       (475, 1941),
       (717, 1941),
       (1213, 1941),
       (1102, 1941),
       (533, 1942),
       (543, 1942),
       (1192, 1943),
       (483, 1944),
       (1143, 1944),
       (882, 1945),
       (66, 1945),
       (1210, 1945),
       (378, 1945),
       (894, 1945),
       (1055, 1945),
       (911, 1945),
       (833, 1946),
       (419, 1946),
       (342, 1946),
       (294, 1946),
       (215, 1946),
       (137, 1946),
       (478, 1946),
       (880, 1947),
       (436, 1947),
       (278, 1947),
       (732, 1947),
       (893, 1947),
       (958, 1947),
       (1216, 1948),
       (706, 1948),
       (514, 1948),
       (981, 1948),
       (507, 1948),
       (317, 1948),
       (1166, 1948),
       (352, 1949),
       (1171, 1949),
       (822, 1949),
       (424, 1949),
       (378, 1949),
       (298, 1949),
       (753, 1950),
       (419, 1950),
       (525, 1950),
       (942, 1950),
       (734, 1950),
       (352, 1951),
       (407, 1951),
       (472, 1951),
       (701, 1951),
       (996, 1952),
       (1064, 1952),
       (859, 1952),
       (1089, 1953),
       (420, 1953),
       (901, 1953),
       (856, 1953),
       (409, 1953),
       (297, 1953),
       (58, 1953),
       (635, 1953),
       (574, 1953),
       (400, 1954),
       (292, 1954),
       (267, 1954),
       (722, 1955),
       (387, 1955),
       (232, 1955),
       (870, 1956),
       (13, 1956),
       (1025, 1957),
       (1108, 1957),
       (597, 1957),
       (486, 1957),
       (153, 1957),
       (411, 1957),
       (1020, 1957),
       (639, 1957),
       (946, 1958),
       (147, 1958),
       (515, 1958),
       (245, 1958),
       (939, 1958),
       (749, 1958),
       (413, 1958),
       (719, 1958),
       (143, 1958),
       (544, 1959),
       (594, 1959),
       (501, 1959),
       (693, 1959),
       (823, 1959),
       (1019, 1959),
       (1020, 1959),
       (754, 1960),
       (342, 1960),
       (528, 1961),
       (979, 1961),
       (1030, 1961),
       (314, 1961),
       (446, 1961),
       (1178, 1962),
       (683, 1962),
       (484, 1963),
       (694, 1963),
       (615, 1963),
       (41, 1963),
       (378, 1963),
       (11, 1963),
       (173, 1963),
       (1024, 1964),
       (757, 1964),
       (408, 1964),
       (952, 1964),
       (748, 1964),
       (925, 1964),
       (971, 1965),
       (973, 1965),
       (1064, 1966),
       (201, 1966),
       (140, 1966),
       (941, 1966),
       (1123, 1967),
       (645, 1967),
       (806, 1967),
       (679, 1967),
       (1145, 1967),
       (602, 1967),
       (765, 1967),
       (989, 1967),
       (148, 1968),
       (1093, 1968),
       (1013, 1968),
       (389, 1968),
       (1032, 1968),
       (845, 1968),
       (389, 1969),
       (1045, 1969),
       (506, 1969),
       (191, 1969),
       (256, 1970),
       (429, 1970),
       (798, 1970),
       (1214, 1970),
       (1183, 1970),
       (1039, 1970),
       (1052, 1971),
       (96, 1972),
       (1146, 1972),
       (986, 1972),
       (364, 1972),
       (880, 1973),
       (1187, 1973),
       (741, 1973),
       (1035, 1973),
       (300, 1973),
       (670, 1973),
       (721, 1974),
       (705, 1974),
       (578, 1974),
       (249, 1974),
       (29, 1974),
       (221, 1974),
       (96, 1975),
       (506, 1975),
       (397, 1975),
       (467, 1976),
       (952, 1976),
       (665, 1976),
       (635, 1976),
       (335, 1976),
       (1032, 1977),
       (1050, 1977),
       (212, 1978),
       (822, 1978),
       (695, 1978),
       (361, 1978),
       (218, 1978),
       (991, 1978),
       (672, 1979),
       (1137, 1979),
       (934, 1979),
       (282, 1979),
       (1115, 1979),
       (333, 1979),
       (846, 1979),
       (222, 1979),
       (687, 1979),
       (468, 1980),
       (565, 1980),
       (537, 1980),
       (1099, 1980),
       (558, 1980),
       (270, 1980),
       (287, 1980),
       (639, 1980),
       (1154, 1981),
       (710, 1981),
       (903, 1981),
       (664, 1981),
       (1066, 1981),
       (954, 1981),
       (1052, 1981),
       (749, 1981),
       (478, 1981),
       (245, 1982),
       (872, 1982),
       (539, 1982),
       (972, 1982),
       (861, 1982),
       (1120, 1983),
       (947, 1983),
       (275, 1983),
       (360, 1983),
       (509, 1983),
       (765, 1983),
       (367, 1983),
       (400, 1984),
       (690, 1984),
       (354, 1984),
       (499, 1984),
       (470, 1984),
       (57, 1984),
       (949, 1985),
       (197, 1985),
       (296, 1985),
       (1051, 1985),
       (271, 1985),
       (1093, 1986),
       (688, 1987),
       (240, 1987),
       (964, 1987),
       (23, 1987),
       (264, 1987),
       (971, 1987),
       (11, 1987),
       (898, 1988),
       (536, 1988),
       (186, 1988),
       (749, 1988),
       (1074, 1989),
       (1092, 1989),
       (150, 1989),
       (970, 1989),
       (109, 1989),
       (31, 1989),
       (816, 1990),
       (643, 1991),
       (981, 1991),
       (558, 1991),
       (145, 1992),
       (978, 1992),
       (838, 1992),
       (1032, 1992),
       (1177, 1992),
       (1071, 1992),
       (54, 1993),
       (506, 1993),
       (667, 1993),
       (196, 1994),
       (436, 1994),
       (682, 1994),
       (987, 1994),
       (1020, 1994),
       (476, 1994),
       (717, 1994),
       (557, 1994),
       (736, 1995),
       (1184, 1995),
       (883, 1995),
       (532, 1995),
       (20, 1995),
       (645, 1995),
       (629, 1995),
       (405, 1995),
       (715, 1995),
       (496, 1996),
       (483, 1996),
       (100, 1996),
       (629, 1996),
       (523, 1996),
       (1053, 1996),
       (1021, 1996),
       (319, 1996),
       (303, 1996),
       (327, 1997),
       (491, 1998),
       (269, 1998),
       (605, 1998),
       (577, 1999),
       (17, 1999),
       (965, 1999),
       (598, 1999),
       (568, 1999),
       (813, 1999),
       (1006, 1999),
       (399, 1999);