insert into tag_gift_certificate (tag_id, gift_certificate_id)
values (1081, 7000),
       (639, 7000),
       (882, 7001),
       (246, 7001),
       (584, 7001),
       (622, 7001),
       (239, 7001),
       (1087, 7001),
       (944, 7002),
       (708, 7002),
       (1014, 7002),
       (631, 7002),
       (807, 7002),
       (217, 7002),
       (188, 7002),
       (845, 7002),
       (173, 7002),
       (1073, 7003),
       (578, 7003),
       (920, 7003),
       (476, 7003),
       (366, 7003),
       (47, 7003),
       (479, 7003),
       (922, 7004),
       (1024, 7005),
       (961, 7005),
       (868, 7005),
       (629, 7005),
       (358, 7005),
       (250, 7005),
       (683, 7005),
       (606, 7005),
       (848, 7006),
       (513, 7006),
       (19, 7006),
       (485, 7006),
       (711, 7006),
       (922, 7006),
       (442, 7006),
       (1179, 7006),
       (1022, 7006),
       (528, 7007),
       (1217, 7008),
       (17, 7008),
       (577, 7008),
       (1029, 7008),
       (102, 7008),
       (1068, 7008),
       (655, 7008),
       (273, 7009),
       (1160, 7009),
       (864, 7010),
       (1154, 7010),
       (456, 7010),
       (475, 7010),
       (27, 7010),
       (876, 7010),
       (732, 7010),
       (205, 7010),
       (259, 7011),
       (516, 7011),
       (713, 7011),
       (35, 7012),
       (504, 7012),
       (858, 7012),
       (619, 7012),
       (1127, 7013),
       (298, 7013),
       (906, 7013),
       (363, 7013),
       (1139, 7014),
       (149, 7014),
       (694, 7014),
       (87, 7014),
       (809, 7014),
       (890, 7014),
       (1213, 7014),
       (1023, 7014),
       (991, 7014),
       (256, 7015),
       (1185, 7015),
       (420, 7015),
       (952, 7015),
       (506, 7015),
       (42, 7015),
       (254, 7015),
       (399, 7015),
       (546, 7016),
       (1142, 7016),
       (472, 7016),
       (748, 7016),
       (110, 7016),
       (838, 7017),
       (70, 7017),
       (1078, 7017),
       (553, 7017),
       (1020, 7017),
       (28, 7017),
       (961, 7018),
       (867, 7018),
       (915, 7018),
       (1013, 7018),
       (1158, 7018),
       (940, 7018),
       (300, 7018),
       (256, 7019),
       (657, 7019),
       (1153, 7019),
       (737, 7019),
       (436, 7019),
       (937, 7019),
       (624, 7020),
       (772, 7020),
       (1050, 7020),
       (1115, 7020),
       (92, 7020),
       (1118, 7020),
       (114, 7021),
       (195, 7021),
       (982, 7021),
       (26, 7021),
       (75, 7021),
       (802, 7022),
       (1219, 7022),
       (101, 7022),
       (293, 7022),
       (424, 7022),
       (221, 7022),
       (174, 7022),
       (847, 7022),
       (338, 7023),
       (403, 7023),
       (1062, 7023),
       (732, 7023),
       (701, 7023),
       (733, 7023),
       (782, 7023),
       (135, 7024),
       (568, 7024),
       (504, 7024),
       (585, 7024),
       (1194, 7024),
       (1122, 7025),
       (1106, 7025),
       (915, 7025),
       (1111, 7025),
       (794, 7025),
       (974, 7025),
       (862, 7025),
       (655, 7025),
       (719, 7025),
       (897, 7026),
       (1105, 7026),
       (866, 7026),
       (1079, 7026),
       (1047, 7026),
       (426, 7026),
       (102, 7027),
       (775, 7027),
       (183, 7027),
       (412, 7027),
       (557, 7027),
       (1007, 7027),
       (416, 7028),
       (929, 7028),
       (82, 7028),
       (995, 7028),
       (803, 7028),
       (1125, 7028),
       (1147, 7028),
       (124, 7028),
       (637, 7028),
       (850, 7029),
       (1192, 7029),
       (1064, 7029),
       (633, 7029),
       (142, 7029),
       (303, 7029),
       (919, 7030),
       (280, 7030),
       (193, 7031),
       (66, 7031),
       (1188, 7031),
       (351, 7031),
       (528, 7032),
       (275, 7032),
       (452, 7032),
       (693, 7032),
       (583, 7032),
       (1048, 7032),
       (680, 7032),
       (1165, 7032),
       (1166, 7032),
       (1138, 7033),
       (810, 7033),
       (411, 7033),
       (487, 7034),
       (818, 7035),
       (611, 7035),
       (884, 7035),
       (412, 7035),
       (430, 7035),
       (862, 7035),
       (977, 7036),
       (17, 7036),
       (484, 7036),
       (646, 7036),
       (582, 7036),
       (1193, 7036),
       (348, 7036),
       (1036, 7036),
       (911, 7036),
       (1171, 7037),
       (1211, 7037),
       (112, 7038),
       (897, 7038),
       (577, 7038),
       (1096, 7038),
       (924, 7038),
       (796, 7038),
       (313, 7039),
       (224, 7040),
       (621, 7040),
       (495, 7040),
       (960, 7041),
       (65, 7041),
       (658, 7041),
       (326, 7041),
       (299, 7041),
       (732, 7041),
       (797, 7042),
       (4, 7043),
       (536, 7043),
       (608, 7044),
       (690, 7044),
       (676, 7044),
       (149, 7044),
       (1015, 7044),
       (1033, 7044),
       (617, 7044),
       (778, 7044),
       (671, 7044),
       (546, 7045),
       (264, 7045),
       (634, 7045),
       (1067, 7045),
       (988, 7045),
       (188, 7045),
       (176, 7046),
       (640, 7046),
       (481, 7046),
       (961, 7046),
       (1185, 7046),
       (437, 7046),
       (1015, 7046),
       (297, 7046),
       (734, 7046),
       (1169, 7047),
       (599, 7047),
       (153, 7047),
       (1183, 7047),
       (593, 7048),
       (1109, 7048),
       (886, 7048),
       (695, 7048),
       (713, 7048),
       (1131, 7048),
       (221, 7048),
       (910, 7048),
       (693, 7049),
       (1206, 7049),
       (1127, 7049),
       (1034, 7049),
       (1116, 7049),
       (766, 7049),
       (1056, 7050),
       (179, 7050),
       (441, 7050),
       (637, 7050),
       (385, 7051),
       (1079, 7051),
       (184, 7051),
       (1000, 7051),
       (777, 7051),
       (409, 7051),
       (558, 7051),
       (100, 7052),
       (901, 7053),
       (8, 7053),
       (58, 7053),
       (1069, 7053),
       (376, 7054),
       (924, 7054),
       (1041, 7055),
       (1042, 7055),
       (488, 7055),
       (617, 7055),
       (570, 7055),
       (907, 7055),
       (269, 7055),
       (701, 7055),
       (398, 7055),
       (758, 7056),
       (183, 7056),
       (831, 7056),
       (227, 7057),
       (244, 7057),
       (852, 7057),
       (335, 7057),
       (1104, 7058),
       (306, 7058),
       (199, 7058),
       (643, 7059),
       (899, 7059),
       (518, 7059),
       (328, 7059),
       (601, 7059),
       (346, 7059),
       (287, 7059),
       (769, 7060),
       (468, 7060),
       (372, 7060),
       (356, 7060),
       (55, 7060),
       (569, 7060),
       (649, 7060),
       (986, 7060),
       (236, 7060),
       (288, 7061),
       (691, 7061),
       (420, 7061),
       (903, 7061),
       (552, 7061),
       (408, 7061),
       (109, 7061),
       (141, 7061),
       (478, 7061),
       (946, 7062),
       (560, 7063),
       (307, 7063),
       (1075, 7063),
       (419, 7063),
       (756, 7063),
       (632, 7063),
       (301, 7063),
       (1007, 7063),
       (367, 7063),
       (289, 7064),
       (754, 7064),
       (982, 7064),
       (646, 7064),
       (1113, 7064),
       (1132, 7064),
       (349, 7064),
       (71, 7065),
       (550, 7066),
       (280, 7066),
       (1193, 7066),
       (731, 7066),
       (1158, 7067),
       (1138, 7068),
       (785, 7069),
       (306, 7069),
       (1203, 7069),
       (343, 7069),
       (89, 7069),
       (827, 7069),
       (685, 7069),
       (1016, 7070),
       (1053, 7070),
       (563, 7071),
       (707, 7071),
       (1015, 7071),
       (231, 7071),
       (407, 7071),
       (682, 7071),
       (93, 7071),
       (222, 7071),
       (307, 7072),
       (148, 7072),
       (967, 7072),
       (535, 7072),
       (1065, 7072),
       (1148, 7072),
       (908, 7072),
       (1069, 7072),
       (591, 7072),
       (608, 7073),
       (20, 7073),
       (474, 7073),
       (28, 7073),
       (286, 7073),
       (1008, 7074),
       (353, 7074),
       (59, 7074),
       (1180, 7074),
       (556, 7074),
       (156, 7074),
       (1101, 7074),
       (398, 7074),
       (1, 7075),
       (1186, 7075),
       (966, 7075),
       (1016, 7075),
       (361, 7075),
       (1081, 7075),
       (1100, 7075),
       (109, 7075),
       (1105, 7076),
       (1030, 7076),
       (1064, 7076),
       (891, 7076),
       (336, 7077),
       (305, 7077),
       (386, 7077),
       (980, 7077),
       (1205, 7077),
       (935, 7077),
       (971, 7077),
       (989, 7077),
       (112, 7078),
       (178, 7078),
       (469, 7078),
       (229, 7078),
       (454, 7078),
       (1212, 7078),
       (316, 7078),
       (829, 7078),
       (349, 7078),
       (196, 7079),
       (180, 7079),
       (1079, 7079),
       (439, 7079),
       (795, 7079),
       (450, 7080),
       (1075, 7080),
       (660, 7080),
       (902, 7080),
       (1085, 7080),
       (287, 7080),
       (673, 7081),
       (35, 7081),
       (743, 7081),
       (393, 7081),
       (457, 7081),
       (157, 7081),
       (1134, 7081),
       (801, 7082),
       (933, 7082),
       (341, 7082),
       (934, 7082),
       (1144, 7082),
       (586, 7082),
       (768, 7083),
       (17, 7083),
       (1081, 7083),
       (860, 7083),
       (349, 7083),
       (45, 7083),
       (1076, 7084),
       (229, 7084),
       (202, 7084),
       (624, 7085),
       (1152, 7085),
       (322, 7085),
       (835, 7085),
       (612, 7085),
       (328, 7085),
       (712, 7085),
       (241, 7086),
       (1069, 7086),
       (163, 7087),
       (5, 7087),
       (216, 7087),
       (778, 7087),
       (1051, 7087),
       (430, 7087),
       (1073, 7088),
       (324, 7088),
       (934, 7088),
       (392, 7088),
       (395, 7088),
       (158, 7088),
       (63, 7088),
       (271, 7088),
       (896, 7089),
       (1104, 7089),
       (314, 7089),
       (858, 7089),
       (1211, 7089),
       (350, 7089),
       (1155, 7090),
       (324, 7090),
       (810, 7090),
       (319, 7090),
       (225, 7091),
       (643, 7091),
       (85, 7091),
       (1036, 7091),
       (124, 7091),
       (988, 7091),
       (1089, 7092),
       (149, 7092),
       (720, 7093),
       (1217, 7093),
       (306, 7093),
       (516, 7093),
       (215, 7093),
       (168, 7093),
       (154, 7093),
       (267, 7093),
       (732, 7093),
       (290, 7094),
       (757, 7094),
       (762, 7094),
       (154, 7094),
       (698, 7094),
       (14, 7094),
       (63, 7094),
       (754, 7095),
       (820, 7095),
       (437, 7095),
       (457, 7095),
       (577, 7096),
       (626, 7096),
       (708, 7096),
       (1205, 7096),
       (91, 7096),
       (913, 7097),
       (533, 7097),
       (1110, 7097),
       (156, 7097),
       (936, 7098),
       (604, 7098),
       (914, 7099),
       (1204, 7099),
       (501, 7099),
       (1207, 7099),
       (217, 7099),
       (170, 7099),
       (251, 7099),
       (517, 7100),
       (1179, 7100),
       (655, 7100),
       (260, 7101),
       (101, 7101),
       (678, 7101),
       (424, 7101),
       (552, 7101),
       (745, 7101),
       (1178, 7101),
       (321, 7102),
       (787, 7102),
       (1124, 7102),
       (1038, 7102),
       (352, 7103),
       (608, 7103),
       (467, 7103),
       (758, 7103),
       (6, 7103),
       (1170, 7104),
       (50, 7104),
       (726, 7104),
       (902, 7104),
       (758, 7104),
       (1159, 7104),
       (1129, 7104),
       (636, 7104),
       (1181, 7104),
       (700, 7105),
       (1118, 7105),
       (1169, 7106),
       (130, 7106),
       (599, 7106),
       (1177, 7106),
       (681, 7106),
       (778, 7106),
       (1055, 7106),
       (1092, 7107),
       (470, 7107),
       (115, 7108),
       (663, 7108),
       (841, 7108),
       (202, 7108),
       (7, 7109),
       (136, 7109),
       (1050, 7109),
       (714, 7109),
       (96, 7110),
       (149, 7110),
       (218, 7110),
       (1013, 7111),
       (534, 7111),
       (922, 7111),
       (482, 7112),
       (1123, 7112),
       (78, 7112),
       (958, 7112),
       (302, 7112),
       (774, 7113),
       (651, 7114),
       (112, 7115),
       (707, 7115),
       (11, 7115),
       (1180, 7115),
       (579, 7116),
       (627, 7116),
       (1173, 7116),
       (278, 7116),
       (246, 7116),
       (791, 7116),
       (557, 7116),
       (1039, 7116),
       (1061, 7117),
       (439, 7117),
       (7, 7117),
       (807, 7117),
       (457, 7117),
       (169, 7117),
       (843, 7117),
       (1052, 7117),
       (494, 7117),
       (278, 7118),
       (950, 7118),
       (1128, 7118),
       (254, 7118),
       (1215, 7118),
       (496, 7119),
       (865, 7119),
       (194, 7119),
       (981, 7119),
       (423, 7119),
       (137, 7119),
       (1065, 7119),
       (446, 7119),
       (55, 7120),
       (71, 7120),
       (1073, 7121),
       (84, 7121),
       (837, 7121),
       (635, 7121),
       (335, 7121),
       (1151, 7121),
       (883, 7122),
       (956, 7122),
       (66, 7123),
       (373, 7123),
       (630, 7123),
       (662, 7123),
       (367, 7123),
       (1128, 7124),
       (555, 7124),
       (866, 7125),
       (930, 7125),
       (1075, 7125),
       (165, 7125),
       (25, 7125),
       (650, 7125),
       (238, 7125),
       (670, 7125),
       (178, 7126),
       (51, 7126),
       (452, 7126),
       (788, 7126),
       (23, 7126),
       (27, 7126),
       (629, 7127),
       (503, 7127),
       (825, 7127),
       (1164, 7127),
       (274, 7128),
       (819, 7128),
       (772, 7128),
       (151, 7128),
       (58, 7128),
       (875, 7128),
       (268, 7128),
       (604, 7128),
       (560, 7129),
       (1073, 7129),
       (226, 7129),
       (1156, 7129),
       (86, 7129),
       (889, 7129),
       (649, 7129),
       (347, 7129),
       (683, 7130),
       (752, 7131),
       (49, 7131),
       (353, 7131),
       (1046, 7131),
       (399, 7131),
       (184, 7132),
       (432, 7133),
       (370, 7133),
       (852, 7133),
       (839, 7133),
       (599, 7133),
       (600, 7133),
       (1114, 7133),
       (267, 7133),
       (413, 7133),
       (432, 7134),
       (577, 7134),
       (1105, 7134),
       (471, 7134),
       (920, 7134),
       (1177, 7134),
       (1097, 7134),
       (250, 7134),
       (410, 7134),
       (433, 7135),
       (1091, 7135),
       (812, 7135),
       (305, 7136),
       (897, 7136),
       (290, 7136),
       (258, 7136),
       (915, 7136),
       (836, 7136),
       (910, 7136),
       (1092, 7137),
       (734, 7137),
       (1072, 7138),
       (323, 7139),
       (1195, 7139),
       (252, 7139),
       (353, 7140),
       (1186, 7140),
       (1091, 7140),
       (39, 7140),
       (903, 7140),
       (631, 7140),
       (417, 7141),
       (418, 7141),
       (963, 7141),
       (1107, 7141),
       (548, 7141),
       (262, 7141),
       (525, 7141),
       (557, 7141),
       (93, 7141),
       (816, 7142),
       (281, 7142),
       (298, 7142),
       (967, 7143),
       (957, 7143),
       (530, 7144),
       (611, 7144),
       (758, 7144),
       (147, 7145),
       (36, 7145),
       (1209, 7145),
       (1001, 7145),
       (796, 7145),
       (380, 7146),
       (1181, 7146),
       (879, 7146),
       (1168, 7147),
       (1121, 7147),
       (417, 7147),
       (932, 7147),
       (390, 7147),
       (48, 7148),
       (1109, 7148),
       (1190, 7148),
       (1127, 7148),
       (1082, 7148),
       (751, 7148),
       (640, 7149),
       (627, 7149),
       (1156, 7149),
       (677, 7149),
       (304, 7150),
       (1203, 7150),
       (516, 7150),
       (852, 7150),
       (1159, 7150),
       (327, 7150),
       (1034, 7150),
       (1005, 7150),
       (501, 7151),
       (215, 7151),
       (601, 7151),
       (250, 7151),
       (604, 7151),
       (365, 7151),
       (462, 7151),
       (1006, 7151),
       (127, 7151),
       (112, 7152),
       (881, 7152),
       (1219, 7152),
       (565, 7153),
       (566, 7153),
       (88, 7153),
       (216, 7153),
       (9, 7153),
       (790, 7154),
       (791, 7154),
       (431, 7154),
       (627, 7155),
       (1094, 7155),
       (781, 7155),
       (1121, 7156),
       (371, 7156),
       (885, 7156),
       (334, 7156),
       (128, 7157),
       (786, 7157),
       (1143, 7157),
       (136, 7157),
       (668, 7157),
       (974, 7157),
       (350, 7157),
       (595, 7158),
       (5, 7158),
       (1035, 7158),
       (677, 7159),
       (869, 7159),
       (568, 7159),
       (680, 7159),
       (1034, 7159),
       (922, 7159),
       (955, 7159),
       (1131, 7159),
       (460, 7159),
       (337, 7160),
       (385, 7160),
       (822, 7160),
       (522, 7160),
       (494, 7160),
       (319, 7160),
       (816, 7161),
       (34, 7161),
       (322, 7161),
       (277, 7161),
       (186, 7161),
       (475, 7161),
       (895, 7161),
       (373, 7162),
       (645, 7163),
       (1032, 7163),
       (442, 7163),
       (748, 7163),
       (141, 7163),
       (893, 7163),
       (350, 7163),
       (382, 7163),
       (1153, 7164),
       (642, 7164),
       (762, 7164),
       (220, 7164),
       (798, 7164),
       (991, 7164),
       (193, 7165),
       (375, 7165),
       (875, 7166),
       (731, 7166),
       (843, 7166),
       (884, 7167),
       (102, 7167),
       (906, 7167),
       (283, 7167),
       (1201, 7168),
       (232, 7168),
       (359, 7169),
       (1169, 7170),
       (40, 7170),
       (955, 7170),
       (412, 7170),
       (811, 7171),
       (929, 7172),
       (242, 7172),
       (1074, 7172),
       (325, 7172),
       (518, 7172),
       (311, 7172),
       (923, 7172),
       (1211, 7172),
       (334, 7172),
       (305, 7173),
       (979, 7173),
       (1077, 7173),
       (262, 7173),
       (105, 7173),
       (889, 7173),
       (91, 7173),
       (1083, 7173),
       (112, 7174),
       (481, 7174),
       (572, 7174),
       (348, 7174),
       (428, 7174),
       (321, 7175),
       (225, 7175),
       (385, 7175),
       (20, 7175),
       (812, 7175),
       (13, 7175),
       (670, 7175),
       (624, 7176),
       (1206, 7176),
       (774, 7176),
       (366, 7176),
       (687, 7176),
       (240, 7177),
       (1120, 7177),
       (740, 7177),
       (1032, 7177),
       (1193, 7177),
       (1116, 7177),
       (399, 7177),
       (1057, 7178),
       (114, 7178),
       (357, 7178),
       (988, 7178),
       (749, 7178),
       (78, 7178),
       (50, 7179),
       (854, 7179),
       (492, 7179),
       (529, 7180),
       (73, 7180),
       (13, 7180),
       (126, 7180),
       (1167, 7180),
       (1092, 7181),
       (86, 7181),
       (246, 7181),
       (761, 7181),
       (1035, 7181),
       (859, 7181),
       (332, 7181),
       (144, 7182),
       (1155, 7182),
       (465, 7183),
       (273, 7183),
       (708, 7183),
       (566, 7183),
       (458, 7183),
       (639, 7183),
       (960, 7184),
       (802, 7184),
       (696, 7184),
       (510, 7184),
       (627, 7185),
       (342, 7185),
       (474, 7185),
       (379, 7185),
       (628, 7186),
       (219, 7186),
       (652, 7186),
       (1069, 7186),
       (593, 7187),
       (168, 7187),
       (458, 7187),
       (493, 7187),
       (306, 7188),
       (68, 7188),
       (389, 7188),
       (853, 7189),
       (73, 7189),
       (1135, 7189),
       (564, 7190),
       (1157, 7190),
       (581, 7190),
       (774, 7190),
       (310, 7190),
       (746, 7190),
       (1007, 7190),
       (1176, 7191),
       (52, 7192),
       (887, 7192),
       (722, 7193),
       (181, 7193),
       (1110, 7193),
       (823, 7193),
       (1191, 7193),
       (1085, 7193),
       (527, 7193),
       (1103, 7193),
       (1076, 7194),
       (1016, 7194),
       (824, 7194),
       (601, 7194),
       (106, 7194),
       (138, 7194),
       (1050, 7194),
       (1131, 7194),
       (934, 7195),
       (1048, 7195),
       (761, 7195),
       (1134, 7195),
       (407, 7196),
       (1016, 7196),
       (936, 7196),
       (469, 7197),
       (165, 7197),
       (1015, 7197),
       (986, 7197),
       (715, 7197),
       (811, 7197),
       (1181, 7197),
       (543, 7197),
       (322, 7198),
       (421, 7198),
       (152, 7198),
       (842, 7198),
       (1211, 7198),
       (1022, 7198),
       (98, 7199),
       (66, 7199),
       (5, 7199),
       (279, 7199),
       (600, 7199),
       (681, 7199),
       (667, 7199),
       (941, 7199),
       (80, 7200),
       (723, 7200),
       (851, 7200),
       (521, 7200),
       (365, 7200),
       (1200, 7201),
       (150, 7201),
       (123, 7201),
       (635, 7201),
       (700, 7201),
       (49, 7202),
       (915, 7202),
       (1033, 7202),
       (714, 7202),
       (803, 7203),
       (515, 7203),
       (1140, 7203),
       (437, 7203),
       (394, 7203),
       (906, 7203),
       (266, 7203),
       (331, 7203),
       (1071, 7203),
       (416, 7204),
       (660, 7204),
       (720, 7205),
       (473, 7205),
       (1118, 7205),
       (511, 7205),
       (801, 7206),
       (810, 7206),
       (93, 7206),
       (128, 7207),
       (1089, 7207),
       (1044, 7207),
       (907, 7207),
       (957, 7207),
       (33, 7208),
       (964, 7208),
       (182, 7208),
       (695, 7208),
       (89, 7208),
       (1114, 7208),
       (288, 7209),
       (914, 7209),
       (947, 7209),
       (855, 7209),
       (784, 7210),
       (949, 7210),
       (1063, 7210),
       (408, 7210),
       (1023, 7210),
       (1094, 7211),
       (504, 7212),
       (940, 7212),
       (1135, 7212),
       (391, 7213),
       (843, 7213),
       (1053, 7213),
       (1199, 7213),
       (81, 7214),
       (412, 7214),
       (588, 7214),
       (1038, 7214),
       (511, 7214),
       (504, 7215),
       (60, 7215),
       (705, 7216),
       (694, 7216),
       (1047, 7216),
       (872, 7216),
       (218, 7216),
       (955, 7216),
       (1023, 7216),
       (416, 7217),
       (307, 7217),
       (216, 7217),
       (25, 7217),
       (1005, 7217),
       (529, 7218),
       (978, 7218),
       (196, 7218),
       (1190, 7218),
       (729, 7218),
       (1099, 7218),
       (954, 7219),
       (302, 7219),
       (215, 7220),
       (593, 7221),
       (755, 7221),
       (180, 7221),
       (647, 7221),
       (408, 7221),
       (206, 7221),
       (257, 7222),
       (1201, 7222),
       (357, 7222),
       (171, 7222),
       (880, 7223),
       (656, 7223),
       (931, 7223),
       (549, 7223),
       (1131, 7223),
       (1115, 7223),
       (717, 7223),
       (143, 7223),
       (66, 7224),
       (371, 7224),
       (489, 7224),
       (473, 7224),
       (1131, 7224),
       (844, 7224),
       (61, 7224),
       (486, 7225),
       (648, 7225),
       (601, 7225),
       (91, 7225),
       (268, 7225),
       (589, 7225),
       (734, 7225),
       (1011, 7226),
       (1195, 7226),
       (297, 7227),
       (414, 7227),
       (1199, 7227),
       (719, 7227),
       (997, 7228),
       (929, 7229),
       (84, 7229),
       (805, 7229),
       (519, 7229),
       (490, 7229),
       (394, 7229),
       (461, 7229),
       (669, 7229),
       (574, 7229),
       (404, 7230),
       (983, 7230),
       (248, 7230),
       (573, 7230),
       (401, 7231),
       (610, 7231),
       (197, 7231),
       (37, 7231),
       (519, 7231),
       (569, 7231),
       (10, 7231),
       (798, 7231),
       (209, 7232),
       (231, 7232),
       (983, 7232),
       (814, 7232),
       (111, 7232),
       (162, 7233),
       (1205, 7233),
       (984, 7233),
       (1132, 7233),
       (550, 7234),
       (1031, 7234),
       (1048, 7234),
       (345, 7235),
       (329, 7235),
       (609, 7236),
       (1205, 7236),
       (1033, 7236),
       (1049, 7236),
       (506, 7236),
       (443, 7236),
       (77, 7236),
       (1125, 7237),
       (565, 7237),
       (149, 7237),
       (1063, 7237),
       (1017, 7237),
       (284, 7237),
       (337, 7238),
       (579, 7238),
       (997, 7238),
       (1193, 7238),
       (298, 7238),
       (698, 7238),
       (564, 7239),
       (405, 7239),
       (1127, 7239),
       (951, 7239),
       (921, 7239),
       (1112, 7240),
       (847, 7240),
       (934, 7241),
       (17, 7242),
       (467, 7242),
       (28, 7242),
       (413, 7242),
       (211, 7243),
       (756, 7243),
       (955, 7243),
       (893, 7243),
       (909, 7243),
       (302, 7243),
       (834, 7244),
       (292, 7244),
       (1001, 7244),
       (1161, 7244),
       (59, 7244),
       (895, 7244),
       (515, 7245),
       (43, 7245),
       (545, 7246),
       (578, 7246),
       (244, 7246),
       (262, 7246),
       (697, 7246),
       (74, 7246),
       (1011, 7247),
       (756, 7247),
       (260, 7247),
       (1172, 7247),
       (52, 7247),
       (1077, 7247),
       (329, 7247),
       (61, 7247),
       (354, 7248),
       (260, 7248),
       (1189, 7248),
       (1094, 7248),
       (1031, 7248),
       (249, 7248),
       (861, 7248),
       (397, 7248),
       (462, 7248),
       (400, 7249),
       (917, 7249),
       (48, 7250),
       (497, 7250),
       (180, 7250),
       (325, 7250),
       (394, 7250),
       (1147, 7250),
       (13, 7250),
       (126, 7250),
       (704, 7251),
       (818, 7251),
       (1058, 7251),
       (7, 7251),
       (601, 7251),
       (761, 7251),
       (58, 7251),
       (1034, 7251),
       (798, 7251),
       (913, 7252),
       (434, 7252),
       (869, 7252),
       (966, 7252),
       (57, 7252),
       (490, 7252),
       (27, 7252),
       (427, 7252),
       (588, 7252),
       (481, 7253),
       (792, 7253),
       (776, 7253),
       (651, 7253),
       (139, 7253),
       (590, 7253),
       (1038, 7253),
       (6, 7254),
       (472, 7254),
       (961, 7255),
       (981, 7255),
       (570, 7255),
       (1136, 7256),
       (323, 7256),
       (1188, 7256),
       (887, 7256),
       (1032, 7256),
       (875, 7256),
       (684, 7256),
       (541, 7256),
       (381, 7256),
       (515, 7257),
       (653, 7257),
       (660, 7258),
       (314, 7258),
       (570, 7258),
       (78, 7258),
       (1052, 7259),
       (708, 7260),
       (1057, 7261),
       (180, 7261),
       (597, 7261),
       (982, 7261),
       (186, 7261),
       (683, 7261),
       (640, 7262),
       (881, 7262),
       (1209, 7262),
       (447, 7262),
       (367, 7262),
       (328, 7263),
       (623, 7263),
       (224, 7264),
       (898, 7264),
       (386, 7264),
       (278, 7264),
       (550, 7264),
       (151, 7264),
       (957, 7264),
       (718, 7264),
       (1087, 7264),
       (1089, 7265),
       (35, 7265),
       (1015, 7265),
       (1130, 7265),
       (1084, 7265),
       (387, 7266),
       (685, 7266),
       (40, 7267),
       (712, 7267),
       (1130, 7267),
       (720, 7268),
       (403, 7268),
       (105, 7268),
       (123, 7268),
       (126, 7268),
       (497, 7269),
       (3, 7269),
       (773, 7269),
       (1080, 7269),
       (714, 7269),
       (798, 7269),
       (560, 7270),
       (113, 7270),
       (1110, 7270),
       (361, 7270),
       (1203, 7271),
       (774, 7271),
       (299, 7271),
       (619, 7271),
       (651, 7271),
       (700, 7271),
       (749, 7271),
       (181, 7272),
       (284, 7273),
       (188, 7273),
       (1118, 7273),
       (143, 7273),
       (622, 7274),
       (848, 7275),
       (897, 7275),
       (20, 7275),
       (133, 7275),
       (421, 7275),
       (813, 7275),
       (241, 7276),
       (1138, 7276),
       (980, 7276),
       (421, 7276),
       (584, 7276),
       (717, 7276),
       (1134, 7276),
       (949, 7277),
       (374, 7277),
       (121, 7277),
       (473, 7277),
       (730, 7277),
       (459, 7277),
       (284, 7277),
       (510, 7277),
       (110, 7277),
       (49, 7278),
       (977, 7278),
       (131, 7278),
       (612, 7278),
       (326, 7278),
       (205, 7278),
       (526, 7278),
       (831, 7278),
       (759, 7279),
       (240, 7280),
       (530, 7280),
       (487, 7280),
       (427, 7280),
       (1148, 7280),
       (638, 7280),
       (98, 7281),
       (856, 7281),
       (41, 7281),
       (126, 7281),
       (401, 7282),
       (3, 7282),
       (611, 7282),
       (19, 7282),
       (440, 7282),
       (1049, 7282),
       (285, 7282),
       (638, 7282),
       (1138, 7283),
       (288, 7284),
       (1009, 7284),
       (928, 7285),
       (179, 7285),
       (711, 7285),
       (875, 7285),
       (173, 7285),
       (755, 7286),
       (884, 7286),
       (1157, 7286),
       (203, 7286),
       (668, 7286),
       (428, 7286),
       (243, 7287),
       (282, 7287),
       (124, 7287),
       (557, 7287),
       (343, 7288),
       (531, 7289),
       (820, 7289),
       (133, 7289),
       (710, 7289),
       (118, 7289),
       (1018, 7289),
       (767, 7289),
       (895, 7289),
       (564, 7290),
       (461, 7290),
       (800, 7291),
       (1014, 7291),
       (823, 7291),
       (423, 7291),
       (445, 7291),
       (97, 7292),
       (666, 7292),
       (942, 7292),
       (911, 7292),
       (543, 7292),
       (1097, 7293),
       (1055, 7293),
       (136, 7294),
       (950, 7295),
       (121, 7295),
       (618, 7295),
       (607, 7295),
       (352, 7296),
       (64, 7296),
       (577, 7296),
       (23, 7296),
       (935, 7296),
       (270, 7297),
       (1204, 7298),
       (1094, 7298),
       (247, 7298),
       (1034, 7298),
       (427, 7298),
       (396, 7298),
       (927, 7298),
       (271, 7298),
       (178, 7299),
       (791, 7299),
       (56, 7299),
       (568, 7299),
       (268, 7299),
       (991, 7299),
       (911, 7299),
       (611, 7300),
       (217, 7300),
       (1067, 7300),
       (1068, 7300),
       (1036, 7300),
       (897, 7301),
       (213, 7301),
       (1128, 7301),
       (1050, 7301),
       (826, 7301),
       (827, 7301),
       (1083, 7301),
       (1196, 7301),
       (1200, 7302),
       (1073, 7302),
       (971, 7302),
       (460, 7302),
       (974, 7302),
       (354, 7303),
       (331, 7303),
       (973, 7303),
       (255, 7303),
       (529, 7304),
       (926, 7304),
       (572, 7305),
       (195, 7306),
       (168, 7306),
       (1100, 7306),
       (243, 7307),
       (357, 7307),
       (168, 7307),
       (409, 7307),
       (681, 7307),
       (953, 7307),
       (450, 7308),
       (131, 7308),
       (596, 7308),
       (294, 7308),
       (838, 7308),
       (553, 7308),
       (185, 7308),
       (747, 7308),
       (863, 7308),
       (757, 7309),
       (689, 7310),
       (114, 7310),
       (118, 7310),
       (909, 7310),
       (850, 7311),
       (499, 7311),
       (293, 7311),
       (376, 7311),
       (250, 7311),
       (461, 7311),
       (575, 7311),
       (754, 7312),
       (1050, 7312),
       (689, 7313),
       (1207, 7313),
       (909, 7313),
       (941, 7313),
       (15, 7313),
       (943, 7313),
       (723, 7314),
       (45, 7314),
       (703, 7314),
       (883, 7315),
       (964, 7315),
       (1206, 7315),
       (679, 7315),
       (75, 7315),
       (620, 7315),
       (671, 7315),
       (773, 7316),
       (638, 7316),
       (401, 7317),
       (1173, 7317),
       (341, 7317),
       (615, 7317),
       (696, 7317),
       (249, 7317),
       (74, 7317),
       (205, 7317),
       (1214, 7317),
       (369, 7318),
       (1088, 7319),
       (905, 7319),
       (512, 7320),
       (198, 7320),
       (583, 7320),
       (281, 7320),
       (41, 7320),
       (1130, 7320),
       (1165, 7320),
       (1135, 7320),
       (641, 7321),
       (1141, 7321),
       (537, 7321),
       (186, 7321),
       (718, 7321),
       (306, 7322),
       (1161, 7322),
       (827, 7322),
       (588, 7322),
       (1165, 7322),
       (1053, 7322),
       (509, 7322),
       (846, 7322),
       (509, 7323),
       (910, 7323),
       (1044, 7324),
       (375, 7324),
       (750, 7324),
       (485, 7325),
       (727, 7325),
       (352, 7326),
       (1056, 7326),
       (647, 7326),
       (711, 7326),
       (1161, 7326),
       (669, 7326),
       (693, 7327),
       (688, 7328),
       (579, 7328),
       (137, 7328),
       (428, 7328),
       (816, 7329),
       (224, 7329),
       (1154, 7329),
       (760, 7329),
       (321, 7330),
       (882, 7330),
       (644, 7330),
       (133, 7330),
       (390, 7330),
       (791, 7330),
       (905, 7330),
       (700, 7330),
       (831, 7330),
       (643, 7331),
       (35, 7331),
       (503, 7331),
       (1191, 7331),
       (360, 7331),
       (840, 7331),
       (268, 7331),
       (813, 7331),
       (910, 7331),
       (129, 7332),
       (835, 7332),
       (420, 7332),
       (373, 7332),
       (568, 7332),
       (282, 7333),
       (909, 7333),
       (558, 7333),
       (864, 7334),
       (578, 7334),
       (66, 7334),
       (243, 7334),
       (421, 7334),
       (836, 7335),
       (560, 7336),
       (514, 7336),
       (180, 7336),
       (584, 7336),
       (221, 7336),
       (306, 7337),
       (356, 7337),
       (262, 7337),
       (1133, 7337),
       (462, 7337),
       (383, 7337),
       (817, 7338),
       (65, 7338),
       (530, 7338),
       (631, 7338),
       (1160, 7338),
       (681, 7338),
       (416, 7339),
       (82, 7339),
       (290, 7339),
       (403, 7339),
       (885, 7339),
       (583, 7339),
       (154, 7339),
       (44, 7339),
       (285, 7339),
       (99, 7340),
       (597, 7340),
       (728, 7340),
       (424, 7340),
       (346, 7340),
       (412, 7340),
       (652, 7340),
       (1071, 7340),
       (163, 7341),
       (1092, 7342),
       (1096, 7342),
       (86, 7343),
       (358, 7343),
       (487, 7343),
       (1098, 7343),
       (763, 7343),
       (652, 7343),
       (846, 7343),
       (912, 7344),
       (202, 7344),
       (715, 7344),
       (91, 7344),
       (828, 7344),
       (813, 7344),
       (781, 7344),
       (13, 7344),
       (899, 7345),
       (117, 7345),
       (697, 7345),
       (249, 7345),
       (347, 7345),
       (828, 7345),
       (461, 7345),
       (991, 7345),
       (934, 7346),
       (170, 7346),
       (253, 7346),
       (466, 7347),
       (114, 7347),
       (340, 7347),
       (107, 7347),
       (575, 7347),
       (97, 7348),
       (564, 7349),
       (576, 7350),
       (305, 7350),
       (218, 7350),
       (60, 7350),
       (460, 7350),
       (284, 7350),
       (32, 7351),
       (995, 7351),
       (702, 7351),
       (386, 7352),
       (822, 7352),
       (57, 7352),
       (786, 7353),
       (1064, 7353),
       (175, 7353),
       (326, 7354),
       (647, 7354),
       (505, 7354),
       (394, 7354),
       (702, 7354),
       (79, 7355),
       (546, 7356),
       (1126, 7356),
       (1178, 7356),
       (397, 7356),
       (845, 7356),
       (1054, 7356),
       (1118, 7356),
       (1071, 7356),
       (753, 7357),
       (1090, 7357),
       (899, 7357),
       (390, 7357),
       (264, 7357),
       (76, 7357),
       (447, 7357),
       (79, 7357),
       (1008, 7358),
       (864, 7358),
       (99, 7358),
       (373, 7358),
       (1143, 7358),
       (713, 7358),
       (285, 7358),
       (386, 7359),
       (375, 7359),
       (119, 7359),
       (723, 7360),
       (403, 7360),
       (451, 7360),
       (404, 7360),
       (741, 7360),
       (53, 7360),
       (1046, 7360),
       (694, 7360),
       (1128, 7360),
       (995, 7361),
       (534, 7361),
       (454, 7361),
       (839, 7361),
       (520, 7361),
       (1192, 7361),
       (809, 7361),
       (202, 7361),
       (981, 7362),
       (1078, 7362),
       (521, 7362),
       (810, 7362),
       (413, 7362),
       (229, 7363),
       (1146, 7363),
       (115, 7364),
       (485, 7364),
       (1095, 7364),
       (779, 7364),
       (254, 7364),
       (1134, 7364),
       (614, 7365),
       (587, 7365),
       (992, 7366),
       (1101, 7366),
       (113, 7367),
       (869, 7367),
       (998, 7367),
       (679, 7367),
       (1002, 7367),
       (892, 7367),
       (444, 7367),
       (1070, 7367),
       (926, 7367),
       (530, 7368),
       (425, 7368),
       (862, 7369),
       (624, 7370),
       (880, 7370),
       (1107, 7370),
       (36, 7370),
       (680, 7370),
       (1037, 7370),
       (1021, 7370),
       (644, 7371),
       (453, 7371),
       (70, 7371),
       (560, 7372),
       (1044, 7372),
       (1102, 7372),
       (46, 7372),
       (385, 7373),
       (1139, 7373),
       (180, 7373),
       (1060, 7373),
       (805, 7373),
       (288, 7374),
       (33, 7374),
       (786, 7374),
       (72, 7374),
       (604, 7374),
       (205, 7374),
       (991, 7374),
       (1011, 7375),
       (1077, 7375),
       (101, 7375),
       (790, 7375),
       (886, 7375),
       (218, 7375),
       (177, 7376),
       (1106, 7376),
       (676, 7376),
       (368, 7377),
       (754, 7377),
       (565, 7377),
       (472, 7377),
       (873, 7377),
       (667, 7377),
       (269, 7377),
       (333, 7377),
       (960, 7378),
       (113, 7378),
       (689, 7378),
       (625, 7378),
       (930, 7378),
       (822, 7378),
       (775, 7378),
       (217, 7378),
       (1020, 7378),
       (706, 7379),
       (402, 7379),
       (52, 7379),
       (597, 7379),
       (699, 7380),
       (850, 7381),
       (18, 7381),
       (244, 7381),
       (1126, 7381),
       (1063, 7381),
       (1002, 7381),
       (173, 7381),
       (1165, 7381),
       (715, 7382),
       (398, 7382),
       (560, 7383),
       (834, 7383),
       (1218, 7383),
       (863, 7383),
       (197, 7384),
       (934, 7384),
       (984, 7384),
       (904, 7384),
       (1081, 7384),
       (683, 7384),
       (974, 7384),
       (430, 7384),
       (222, 7384),
       (179, 7385),
       (571, 7385),
       (987, 7385),
       (43, 7385),
       (285, 7385),
       (563, 7386),
       (484, 7386),
       (375, 7386),
       (889, 7386),
       (1198, 7386),
       (993, 7387),
       (179, 7387),
       (1011, 7387),
       (788, 7387),
       (644, 7387),
       (712, 7387),
       (234, 7387),
       (573, 7387),
       (112, 7388),
       (96, 7388),
       (946, 7388),
       (470, 7388),
       (1033, 7388),
       (634, 7388),
       (492, 7388),
       (1037, 7389),
       (560, 7390),
       (548, 7390),
       (203, 7390),
       (396, 7390),
       (445, 7390),
       (433, 7391),
       (785, 7391),
       (868, 7391),
       (838, 7391),
       (1181, 7391),
       (637, 7391),
       (22, 7392),
       (104, 7392),
       (1033, 7392),
       (251, 7392),
       (686, 7392),
       (594, 7393),
       (338, 7393),
       (566, 7393),
       (102, 7393),
       (8, 7393),
       (1145, 7393),
       (319, 7393),
       (913, 7394),
       (1008, 7395),
       (4, 7395),
       (599, 7395),
       (1033, 7395),
       (234, 7395),
       (413, 7395),
       (638, 7395),
       (687, 7395),
       (825, 7396),
       (10, 7396),
       (221, 7396),
       (1140, 7397),
       (743, 7397),
       (329, 7397),
       (186, 7397),
       (155, 7397),
       (1211, 7397),
       (524, 7397),
       (621, 7397),
       (114, 7398),
       (612, 7398),
       (53, 7398),
       (1191, 7398),
       (247, 7398),
       (72, 7398),
       (490, 7398),
       (795, 7398),
       (11, 7398),
       (1076, 7399),
       (1190, 7399),
       (1164, 7399),
       (526, 7400),
       (675, 7401),
       (357, 7401),
       (1149, 7402),
       (1073, 7403),
       (307, 7403),
       (84, 7403),
       (1109, 7403),
       (230, 7403),
       (87, 7403),
       (1195, 7403),
       (654, 7403),
       (782, 7403),
       (599, 7404),
       (314, 7404),
       (220, 7404),
       (701, 7404),
       (208, 7405),
       (1172, 7405),
       (856, 7405),
       (952, 7405),
       (1128, 7405),
       (73, 7405),
       (923, 7405),
       (1023, 7405),
       (622, 7406),
       (1024, 7407),
       (627, 7407),
       (756, 7407),
       (69, 7407),
       (21, 7407),
       (919, 7407),
       (967, 7407),
       (809, 7408),
       (700, 7408),
       (205, 7408),
       (1182, 7409),
       (980, 7410),
       (1189, 7410),
       (230, 7410),
       (711, 7410),
       (957, 7410),
       (113, 7411),
       (552, 7411),
       (1035, 7411),
       (656, 7412),
       (405, 7412),
       (664, 7412),
       (668, 7412),
       (120, 7413),
       (812, 7413),
       (417, 7414),
       (513, 7414),
       (196, 7414),
       (982, 7414),
       (233, 7414),
       (1196, 7414),
       (335, 7414),
       (480, 7415),
       (500, 7415),
       (117, 7415),
       (366, 7415),
       (1102, 7415),
       (768, 7416),
       (819, 7416),
       (807, 7416),
       (567, 7416),
       (304, 7417),
       (338, 7417),
       (870, 7417),
       (959, 7417),
       (179, 7418),
       (100, 7418),
       (501, 7418),
       (165, 7418),
       (1179, 7418),
       (268, 7418),
       (1102, 7418),
       (1139, 7419),
       (292, 7419),
       (804, 7419),
       (343, 7419),
       (1082, 7419),
       (684, 7419),
       (849, 7420),
       (801, 7420),
       (690, 7420),
       (419, 7420),
       (604, 7420),
       (255, 7420),
       (817, 7421),
       (1041, 7421),
       (754, 7421),
       (724, 7421),
       (390, 7421),
       (343, 7421),
       (72, 7421),
       (636, 7421),
       (574, 7421),
       (992, 7422),
       (721, 7422),
       (52, 7422),
       (613, 7422),
       (825, 7422),
       (282, 7422),
       (332, 7422),
       (797, 7422),
       (606, 7422),
       (452, 7423),
       (1175, 7423),
       (1018, 7423),
       (299, 7423),
       (829, 7423),
       (190, 7423),
       (849, 7424),
       (675, 7424),
       (149, 7424),
       (838, 7424),
       (744, 7424),
       (233, 7424),
       (380, 7424),
       (162, 7425),
       (51, 7425),
       (921, 7425),
       (586, 7425),
       (460, 7425),
       (648, 7426),
       (1083, 7427),
       (1180, 7427),
       (322, 7428),
       (52, 7428),
       (1106, 7429),
       (1115, 7429),
       (147, 7430),
       (1131, 7431),
       (1120, 7432),
       (397, 7432),
       (1009, 7433),
       (1187, 7433),
       (814, 7433),
       (84, 7434),
       (920, 7434),
       (378, 7434),
       (1212, 7434),
       (684, 7434),
       (12, 7434),
       (700, 7434),
       (752, 7435),
       (369, 7435),
       (961, 7435),
       (211, 7435),
       (309, 7435),
       (23, 7435),
       (399, 7435),
       (352, 7436),
       (454, 7436),
       (810, 7436),
       (307, 7437),
       (1143, 7437),
       (984, 7437),
       (867, 7438),
       (744, 7438),
       (512, 7439),
       (545, 7439),
       (728, 7439),
       (856, 7439),
       (447, 7439),
       (69, 7440),
       (152, 7440),
       (1017, 7440),
       (410, 7440),
       (784, 7441),
       (913, 7441),
       (725, 7441),
       (410, 7441),
       (493, 7441),
       (1006, 7441),
       (133, 7442),
       (710, 7442),
       (1019, 7442),
       (224, 7443),
       (400, 7443),
       (1009, 7443),
       (3, 7443),
       (678, 7443),
       (871, 7444),
       (250, 7444),
       (608, 7445),
       (1024, 7445),
       (417, 7445),
       (183, 7445),
       (618, 7445),
       (960, 7446),
       (512, 7446),
       (2, 7446),
       (99, 7446),
       (1157, 7446),
       (651, 7446),
       (304, 7447),
       (368, 7447),
       (1060, 7447),
       (901, 7447),
       (1078, 7447),
       (600, 7447),
       (731, 7447),
       (588, 7447),
       (943, 7447),
       (1120, 7448),
       (179, 7448),
       (357, 7448),
       (102, 7448),
       (1094, 7448),
       (555, 7448),
       (987, 7448),
       (607, 7448),
       (1202, 7449),
       (871, 7449),
       (665, 7449),
       (558, 7449),
       (446, 7449),
       (1169, 7450),
       (966, 7450),
       (310, 7450),
       (1160, 7450),
       (1132, 7450),
       (398, 7450),
       (269, 7451),
       (992, 7452),
       (517, 7452),
       (508, 7452),
       (1122, 7453),
       (995, 7453),
       (1157, 7453),
       (552, 7453),
       (665, 7453),
       (762, 7453),
       (1067, 7453),
       (348, 7453),
       (927, 7453),
       (724, 7454),
       (741, 7454),
       (54, 7454),
       (745, 7454),
       (186, 7454),
       (802, 7455),
       (892, 7455),
       (174, 7455),
       (1038, 7455),
       (211, 7456),
       (531, 7456),
       (778, 7456),
       (1010, 7457),
       (228, 7457),
       (1096, 7457),
       (92, 7457),
       (752, 7458),
       (786, 7458),
       (219, 7458),
       (360, 7459),
       (145, 7460),
       (88, 7460),
       (828, 7460),
       (1101, 7460),
       (672, 7461),
       (212, 7461),
       (966, 7461),
       (999, 7461),
       (842, 7461),
       (1035, 7461),
       (411, 7461),
       (364, 7461),
       (976, 7462),
       (336, 7462),
       (819, 7462),
       (693, 7462),
       (1182, 7462),
       (1120, 7463),
       (313, 7463),
       (538, 7463),
       (10, 7463),
       (924, 7463),
       (589, 7463),
       (83, 7464),
       (838, 7464),
       (458, 7464),
       (80, 7465),
       (770, 7465),
       (1142, 7465),
       (1144, 7465),
       (985, 7465),
       (44, 7465),
       (767, 7465),
       (817, 7466),
       (1026, 7467),
       (934, 7467),
       (1004, 7467),
       (1088, 7468),
       (83, 7468),
       (117, 7468),
       (325, 7468),
       (262, 7468),
       (504, 7468),
       (617, 7468),
       (732, 7468),
       (1020, 7468),
       (865, 7469),
       (1169, 7469),
       (626, 7469),
       (612, 7469),
       (616, 7469),
       (52, 7470),
       (869, 7471),
       (400, 7472),
       (403, 7472),
       (1011, 7472),
       (227, 7472),
       (1190, 7472),
       (127, 7472),
       (945, 7473),
       (1187, 7473),
       (147, 7473),
       (468, 7473),
       (564, 7473),
       (935, 7473),
       (538, 7473),
       (334, 7473),
       (130, 7474),
       (819, 7474),
       (325, 7474),
       (1078, 7474),
       (936, 7474),
       (843, 7474),
       (557, 7474),
       (221, 7474),
       (929, 7475),
       (930, 7475),
       (290, 7475),
       (533, 7475),
       (922, 7475),
       (203, 7475),
       (398, 7475),
       (449, 7476),
       (817, 7476),
       (274, 7476),
       (260, 7476),
       (710, 7476),
       (1204, 7477),
       (438, 7477),
       (233, 7477),
       (393, 7477),
       (811, 7477),
       (435, 7478),
       (676, 7478),
       (983, 7478),
       (668, 7478),
       (781, 7478),
       (1167, 7478),
       (1190, 7479),
       (70, 7479),
       (935, 7479),
       (408, 7479),
       (1194, 7479),
       (747, 7479),
       (369, 7480),
       (867, 7480),
       (959, 7480),
       (1189, 7481),
       (285, 7481),
       (1121, 7482),
       (161, 7482),
       (321, 7482),
       (340, 7482),
       (424, 7483),
       (1209, 7483),
       (159, 7483),
       (832, 7484),
       (240, 7485),
       (594, 7485),
       (1060, 7485),
       (935, 7485),
       (456, 7485),
       (284, 7485),
       (97, 7486),
       (402, 7486),
       (754, 7486),
       (295, 7486),
       (648, 7486),
       (968, 7486),
       (1066, 7486),
       (828, 7486),
       (351, 7486),
       (529, 7487),
       (834, 7487),
       (1127, 7487),
       (9, 7487),
       (330, 7487),
       (43, 7487),
       (1006, 7487),
       (431, 7487),
       (1072, 7488),
       (194, 7488),
       (348, 7488),
       (925, 7488),
       (916, 7489),
       (852, 7489),
       (234, 7489),
       (590, 7489),
       (768, 7490),
       (1024, 7490),
       (628, 7490),
       (100, 7490),
       (518, 7490),
       (1031, 7490),
       (233, 7490),
       (653, 7490),
       (241, 7491),
       (520, 7491),
       (185, 7491),
       (574, 7491),
       (623, 7491),
       (1076, 7492),
       (985, 7492),
       (451, 7493),
       (467, 7493),
       (516, 7493),
       (885, 7493),
       (583, 7493),
       (584, 7493),
       (1115, 7493),
       (763, 7493),
       (686, 7493),
       (193, 7494),
       (1041, 7494),
       (146, 7494),
       (291, 7494),
       (329, 7494),
       (560, 7495),
       (210, 7495),
       (503, 7495),
       (220, 7495),
       (1180, 7495),
       (387, 7496),
       (934, 7496),
       (840, 7496),
       (715, 7496),
       (1148, 7496),
       (175, 7496),
       (1123, 7497),
       (468, 7497),
       (884, 7497),
       (328, 7497),
       (728, 7497),
       (1148, 7497),
       (192, 7498),
       (875, 7498),
       (347, 7499),
       (49, 7500),
       (932, 7500),
       (1208, 7500),
       (873, 7500),
       (620, 7500),
       (231, 7501),
       (309, 7502),
       (134, 7502),
       (759, 7502),
       (809, 7502),
       (845, 7502),
       (416, 7503),
       (274, 7503),
       (1043, 7503),
       (1030, 7503),
       (153, 7504),
       (347, 7504),
       (670, 7504),
       (1187, 7505),
       (1060, 7505),
       (845, 7505),
       (719, 7505),
       (492, 7506),
       (657, 7507),
       (66, 7507),
       (562, 7507),
       (306, 7507),
       (147, 7507),
       (53, 7507),
       (344, 7507),
       (1100, 7508),
       (444, 7508),
       (188, 7508),
       (1074, 7509),
       (835, 7509),
       (741, 7509),
       (136, 7509),
       (1114, 7509),
       (748, 7509),
       (1180, 7509),
       (975, 7509),
       (831, 7509),
       (662, 7510),
       (493, 7510),
       (864, 7511),
       (130, 7511),
       (868, 7511),
       (1013, 7511),
       (955, 7511),
       (846, 7511),
       (161, 7512),
       (695, 7512),
       (1015, 7512),
       (171, 7512),
       (732, 7512),
       (795, 7513),
       (497, 7514),
       (820, 7514),
       (646, 7514),
       (583, 7514),
       (777, 7514),
       (621, 7514),
       (446, 7514),
       (161, 7515),
       (1043, 7515),
       (900, 7515),
       (392, 7515),
       (140, 7515),
       (545, 7516),
       (732, 7516),
       (846, 7516),
       (1150, 7516),
       (1087, 7516),
       (1003, 7517),
       (402, 7518),
       (482, 7518),
       (291, 7518),
       (489, 7518),
       (526, 7518),
       (552, 7519),
       (1044, 7520),
       (646, 7520),
       (876, 7520),
       (212, 7521),
       (1189, 7521),
       (663, 7521),
       (793, 7521),
       (682, 7521),
       (875, 7521),
       (1054, 7521),
       (287, 7521),
       (213, 7522),
       (629, 7522),
       (375, 7522),
       (232, 7522),
       (522, 7522),
       (845, 7522),
       (829, 7522),
       (879, 7522),
       (959, 7522),
       (945, 7523),
       (598, 7523),
       (535, 7523),
       (856, 7523),
       (923, 7523),
       (907, 7523),
       (1051, 7523),
       (317, 7523),
       (1101, 7523),
       (449, 7524),
       (210, 7524),
       (115, 7524),
       (1028, 7524),
       (741, 7524),
       (571, 7524),
       (606, 7524),
       (815, 7524),
       (484, 7525),
       (36, 7525),
       (900, 7525),
       (597, 7525),
       (363, 7525),
       (849, 7526),
       (461, 7526),
       (478, 7526),
       (1022, 7526),
       (1182, 7526),
       (911, 7526),
       (767, 7526),
       (545, 7527),
       (241, 7527),
       (1058, 7527),
       (471, 7527),
       (1064, 7527),
       (73, 7527),
       (27, 7527),
       (143, 7527),
       (1184, 7528),
       (1153, 7528),
       (914, 7528),
       (629, 7528),
       (1127, 7528),
       (167, 7528),
       (841, 7528),
       (270, 7528),
       (158, 7528),
       (1216, 7529),
       (611, 7529),
       (291, 7529),
       (1157, 7529),
       (558, 7529),
       (1204, 7530),
       (279, 7530),
       (1017, 7530),
       (970, 7530),
       (539, 7530),
       (155, 7530),
       (779, 7530),
       (1132, 7530),
       (591, 7530),
       (801, 7531),
       (515, 7531),
       (457, 7531),
       (969, 7531),
       (845, 7531),
       (17, 7532),
       (987, 7532),
       (283, 7532),
       (605, 7532),
       (918, 7533),
       (312, 7533),
       (1213, 7533),
       (1134, 7533),
       (160, 7534),
       (389, 7534),
       (859, 7534),
       (864, 7535),
       (881, 7535),
       (930, 7535),
       (258, 7535),
       (1028, 7535),
       (597, 7535),
       (1126, 7535),
       (655, 7535),
       (99, 7536),
       (758, 7536),
       (216, 7536),
       (1061, 7537),
       (1145, 7537),
       (220, 7537),
       (818, 7538),
       (212, 7538),
       (501, 7538),
       (933, 7538),
       (75, 7538),
       (124, 7538),
       (556, 7538),
       (577, 7539),
       (305, 7539),
       (450, 7539),
       (562, 7539),
       (168, 7539),
       (795, 7539),
       (316, 7539),
       (112, 7540),
       (304, 7540),
       (609, 7540),
       (242, 7540),
       (580, 7540),
       (197, 7540),
       (463, 7540),
       (592, 7541),
       (226, 7541),
       (1204, 7541),
       (1061, 7541),
       (662, 7541),
       (857, 7541),
       (1177, 7541),
       (941, 7541),
       (864, 7542),
       (950, 7542),
       (1113, 7542),
       (508, 7542),
       (990, 7542),
       (1006, 7542),
       (961, 7543),
       (273, 7543),
       (83, 7543),
       (168, 7543),
       (522, 7543),
       (954, 7543),
       (1194, 7543),
       (1117, 7543),
       (341, 7544),
       (1001, 7544),
       (409, 7544),
       (25, 7544),
       (90, 7544),
       (861, 7544),
       (994, 7545),
       (674, 7545),
       (835, 7545),
       (180, 7545),
       (393, 7545),
       (365, 7545),
       (893, 7545),
       (749, 7545),
       (206, 7545),
       (275, 7546),
       (1078, 7546),
       (792, 7547),
       (619, 7547),
       (174, 7547),
       (872, 7548),
       (1117, 7548),
       (348, 7549),
       (450, 7550),
       (221, 7550),
       (358, 7551),
       (20, 7552),
       (437, 7552),
       (729, 7552),
       (681, 7553),
       (367, 7553),
       (1088, 7554),
       (368, 7554),
       (545, 7554),
       (918, 7554),
       (281, 7554),
       (489, 7554),
       (653, 7554),
       (527, 7554),
       (415, 7554),
       (993, 7555),
       (562, 7555),
       (802, 7555),
       (693, 7555),
       (200, 7555),
       (744, 7555),
       (477, 7555),
       (78, 7555),
       (463, 7555),
       (736, 7556),
       (1029, 7556),
       (1178, 7556),
       (875, 7556),
       (11, 7556),
       (1004, 7556),
       (733, 7556),
       (367, 7556),
       (863, 7556),
       (339, 7557),
       (343, 7557),
       (863, 7557),
       (751, 7557),
       (258, 7558),
       (68, 7558),
       (437, 7558),
       (439, 7558),
       (905, 7558),
       (121, 7558),
       (553, 7558),
       (767, 7558),
       (771, 7559),
       (1146, 7559),
       (605, 7559),
       (17, 7560),
       (86, 7560),
       (984, 7560),
       (9, 7560),
       (507, 7560),
       (558, 7560),
       (1027, 7561),
       (148, 7561),
       (549, 7561),
       (247, 7561),
       (122, 7561),
       (172, 7561),
       (191, 7561),
       (48, 7562),
       (402, 7562),
       (931, 7562),
       (772, 7562),
       (103, 7562),
       (775, 7562),
       (1019, 7562),
       (1197, 7562),
       (574, 7562),
       (481, 7563),
       (321, 7564),
       (211, 7564),
       (1091, 7564),
       (902, 7564),
       (345, 7564),
       (522, 7564),
       (844, 7564),
       (124, 7564),
       (13, 7564),
       (897, 7565),
       (898, 7565),
       (151, 7565),
       (474, 7565),
       (1212, 7565),
       (1149, 7565),
       (1026, 7566),
       (664, 7566),
       (50, 7567),
       (440, 7567),
       (651, 7567),
       (893, 7567),
       (672, 7568),
       (308, 7568),
       (172, 7568),
       (876, 7568),
       (783, 7569),
       (928, 7570),
       (1024, 7570),
       (901, 7570),
       (1110, 7570),
       (1142, 7570),
       (488, 7570),
       (585, 7570),
       (730, 7570),
       (341, 7571),
       (837, 7571),
       (1191, 7571),
       (728, 7571),
       (232, 7571),
       (787, 7572),
       (918, 7572),
       (961, 7573),
       (1078, 7573),
       (104, 7573),
       (1084, 7573),
       (173, 7573),
       (1102, 7573),
       (239, 7573),
       (964, 7574),
       (615, 7574),
       (121, 7574),
       (666, 7574),
       (491, 7574),
       (942, 7574),
       (1025, 7575),
       (611, 7575),
       (628, 7575),
       (1192, 7575),
       (725, 7576),
       (139, 7576),
       (1078, 7577),
       (1218, 7578),
       (709, 7578),
       (850, 7579),
       (69, 7579),
       (176, 7580),
       (370, 7580),
       (468, 7580),
       (682, 7580),
       (762, 7580),
       (154, 7580),
       (523, 7580),
       (1211, 7580),
       (773, 7581),
       (1159, 7581),
       (479, 7581),
       (1200, 7582),
       (148, 7582),
       (1162, 7582),
       (1210, 7582),
       (394, 7582),
       (635, 7582),
       (894, 7582),
       (15, 7582),
       (687, 7582),
       (336, 7583),
       (603, 7583),
       (991, 7583),
       (658, 7584),
       (4, 7584),
       (57, 7584),
       (330, 7584),
       (251, 7584),
       (878, 7584),
       (638, 7584),
       (706, 7585),
       (442, 7585),
       (1090, 7586),
       (661, 7586),
       (853, 7586),
       (870, 7586),
       (1146, 7586),
       (938, 7586),
       (684, 7586),
       (1072, 7587),
       (933, 7587),
       (1110, 7587),
       (288, 7588),
       (114, 7588),
       (852, 7588),
       (1140, 7588),
       (293, 7588),
       (1065, 7588),
       (91, 7588),
       (891, 7588),
       (1213, 7588),
       (311, 7589),
       (740, 7590),
       (182, 7590),
       (184, 7590),
       (616, 7590),
       (1020, 7590),
       (271, 7590),
       (608, 7591),
       (1169, 7591),
       (1204, 7591),
       (551, 7591),
       (855, 7591),
       (430, 7591),
       (158, 7591),
       (143, 7591),
       (536, 7592),
       (969, 7592),
       (586, 7592),
       (1004, 7592),
       (809, 7593),
       (602, 7593),
       (1050, 7593),
       (715, 7593),
       (768, 7594),
       (337, 7594),
       (1010, 7594),
       (132, 7594),
       (165, 7594),
       (584, 7594),
       (938, 7594),
       (399, 7594),
       (1038, 7595),
       (178, 7596),
       (216, 7596),
       (121, 7596),
       (378, 7596),
       (588, 7596),
       (860, 7596),
       (430, 7596),
       (1013, 7597),
       (869, 7597),
       (923, 7597),
       (1165, 7597),
       (1101, 7597),
       (975, 7597),
       (592, 7598),
       (497, 7598),
       (1105, 7598),
       (1078, 7598),
       (567, 7598),
       (423, 7598),
       (634, 7598),
       (443, 7598),
       (115, 7599),
       (291, 7599),
       (1066, 7599),
       (506, 7599),
       (154, 7599),
       (715, 7599),
       (1006, 7599),
       (947, 7600),
       (552, 7600),
       (670, 7600),
       (30, 7600),
       (738, 7601),
       (981, 7601),
       (950, 7601),
       (1176, 7601),
       (523, 7601),
       (846, 7601),
       (514, 7602),
       (75, 7602),
       (349, 7602),
       (1005, 7602),
       (623, 7602),
       (724, 7603),
       (1112, 7603),
       (1208, 7603),
       (738, 7604),
       (1017, 7604),
       (592, 7605),
       (1106, 7605),
       (210, 7605),
       (613, 7605),
       (758, 7605),
       (759, 7605),
       (200, 7605),
       (303, 7605),
       (1121, 7606),
       (820, 7606),
       (1040, 7607),
       (769, 7607),
       (195, 7607),
       (819, 7607),
       (500, 7607),
       (665, 7607),
       (61, 7607),
       (654, 7607),
       (383, 7607),
       (994, 7608),
       (162, 7608),
       (341, 7608),
       (454, 7608),
       (375, 7608),
       (999, 7608),
       (601, 7608),
       (875, 7608),
       (798, 7608),
       (196, 7609),
       (356, 7609),
       (231, 7609),
       (265, 7609),
       (1163, 7609),
       (832, 7610),
       (317, 7610),
       (817, 7611),
       (739, 7611),
       (631, 7611),
       (232, 7611),
       (346, 7611),
       (973, 7611),
       (911, 7611),
       (463, 7611),
       (192, 7612),
       (433, 7612),
       (643, 7612),
       (24, 7612),
       (1097, 7612),
       (1002, 7612),
       (348, 7612),
       (64, 7613),
       (450, 7613),
       (851, 7613),
       (839, 7613),
       (1191, 7613),
       (910, 7613),
       (320, 7614),
       (1114, 7614),
       (317, 7614),
       (30, 7614),
       (816, 7615),
       (355, 7615),
       (72, 7615),
       (413, 7615),
       (510, 7615),
       (734, 7615),
       (810, 7616),
       (636, 7616),
       (1200, 7617),
       (1028, 7617),
       (644, 7617),
       (662, 7617),
       (505, 7617),
       (1098, 7617),
       (171, 7617),
       (697, 7618),
       (537, 7618),
       (652, 7618),
       (61, 7618),
       (641, 7619),
       (1126, 7619),
       (1086, 7619),
       (482, 7620),
       (308, 7620),
       (165, 7620),
       (1094, 7620),
       (503, 7620),
       (1176, 7620),
       (585, 7620),
       (685, 7620),
       (415, 7620),
       (593, 7621),
       (257, 7621),
       (1124, 7621),
       (1077, 7621),
       (743, 7621),
       (217, 7621),
       (57, 7621),
       (922, 7621),
       (11, 7621),
       (780, 7622),
       (670, 7622),
       (526, 7622),
       (661, 7623),
       (549, 7623),
       (278, 7623),
       (23, 7623),
       (248, 7623),
       (264, 7623),
       (254, 7623),
       (319, 7623),
       (752, 7624),
       (1203, 7624),
       (371, 7624),
       (454, 7624),
       (537, 7625),
       (1187, 7626),
       (199, 7626),
       (254, 7626),
       (2, 7627),
       (1171, 7627),
       (227, 7627),
       (505, 7627),
       (700, 7627),
       (380, 7627),
       (365, 7627),
       (350, 7627),
       (320, 7628),
       (917, 7628),
       (86, 7628),
       (854, 7628),
       (1066, 7628),
       (513, 7629),
       (689, 7629),
       (950, 7629),
       (694, 7629),
       (220, 7630),
       (428, 7630),
       (1005, 7630),
       (974, 7630),
       (455, 7631),
       (400, 7632),
       (882, 7632),
       (115, 7632),
       (1124, 7632),
       (393, 7632),
       (602, 7632),
       (26, 7632),
       (894, 7632),
       (768, 7633),
       (299, 7633),
       (613, 7634),
       (326, 7634),
       (726, 7634),
       (408, 7634),
       (441, 7634),
       (90, 7634),
       (395, 7634),
       (444, 7634),
       (35, 7635),
       (1156, 7635),
       (699, 7635),
       (338, 7636),
       (621, 7636),
       (482, 7637),
       (20, 7637),
       (872, 7637),
       (556, 7637),
       (272, 7638),
       (435, 7638),
       (100, 7638),
       (1081, 7639),
       (583, 7640),
       (665, 7640),
       (409, 7640),
       (622, 7640),
       (943, 7640),
       (50, 7641),
       (1043, 7641),
       (1020, 7641),
       (1101, 7641),
       (1071, 7641),
       (1025, 7642),
       (787, 7642),
       (310, 7642),
       (295, 7642),
       (1193, 7642),
       (367, 7642),
       (387, 7643),
       (485, 7643),
       (1190, 7643),
       (374, 7643),
       (985, 7643),
       (634, 7643),
       (432, 7644),
       (848, 7644),
       (946, 7644),
       (85, 7644),
       (425, 7644),
       (1067, 7644),
       (924, 7644),
       (31, 7644),
       (79, 7644),
       (208, 7645),
       (461, 7645),
       (885, 7646),
       (312, 7646),
       (1198, 7646),
       (799, 7646),
       (48, 7647),
       (611, 7648),
       (19, 7648),
       (1047, 7648),
       (1210, 7648),
       (956, 7648),
       (1100, 7648),
       (946, 7649),
       (962, 7649),
       (1008, 7650),
       (320, 7650),
       (849, 7650),
       (595, 7650),
       (392, 7650),
       (1163, 7650),
       (669, 7650),
       (734, 7650),
       (319, 7650),
       (37, 7651),
       (727, 7651),
       (1081, 7651),
       (474, 7651),
       (634, 7651),
       (976, 7652),
       (210, 7652),
       (53, 7652),
       (21, 7652),
       (551, 7652),
       (1175, 7652),
       (397, 7652),
       (1184, 7653),
       (1189, 7653),
       (232, 7653),
       (76, 7653),
       (462, 7653),
       (437, 7654),
       (1195, 7654),
       (878, 7654),
       (934, 7655),
       (236, 7655),
       (988, 7655),
       (290, 7656),
       (1074, 7656),
       (242, 7656),
       (387, 7656),
       (867, 7656),
       (964, 7656),
       (911, 7656),
       (751, 7656),
       (320, 7657),
       (1120, 7657),
       (1184, 7657),
       (78, 7657),
       (1055, 7657),
       (849, 7658),
       (401, 7658),
       (837, 7658),
       (1191, 7658),
       (633, 7658),
       (139, 7658),
       (939, 7658),
       (675, 7659),
       (131, 7659),
       (724, 7659),
       (1188, 7659),
       (1029, 7659),
       (302, 7659),
       (1134, 7659),
       (97, 7660),
       (616, 7660),
       (393, 7660),
       (1211, 7660),
       (1084, 7660),
       (243, 7661),
       (516, 7661),
       (389, 7661),
       (1127, 7661),
       (1176, 7661),
       (1102, 7661),
       (1201, 7662),
       (534, 7662),
       (71, 7662),
       (488, 7662),
       (435, 7663),
       (170, 7663),
       (938, 7663),
       (602, 7663),
       (396, 7663),
       (334, 7663),
       (303, 7663),
       (356, 7664),
       (168, 7664),
       (763, 7664),
       (164, 7665),
       (43, 7665),
       (180, 7666),
       (150, 7666),
       (351, 7666),
       (900, 7667),
       (985, 7667),
       (478, 7667),
       (1, 7668),
       (34, 7668),
       (629, 7668),
       (263, 7668),
       (201, 7668),
       (170, 7668),
       (90, 7668),
       (1025, 7669),
       (977, 7669),
       (1202, 7669),
       (371, 7669),
       (853, 7669),
       (931, 7670),
       (580, 7670),
       (213, 7670),
       (757, 7670),
       (1015, 7670),
       (1064, 7670),
       (1211, 7670),
       (767, 7670),
       (164, 7671),
       (149, 7671),
       (1062, 7671),
       (983, 7671),
       (680, 7671),
       (12, 7671),
       (1004, 7671),
       (958, 7671),
       (1219, 7672),
       (647, 7672),
       (249, 7672),
       (876, 7672),
       (1069, 7673),
       (738, 7674),
       (1012, 7674),
       (516, 7674),
       (1083, 7674),
       (12, 7674),
       (624, 7675),
       (236, 7675),
       (287, 7675),
       (17, 7676),
       (964, 7676),
       (1016, 7676),
       (1182, 7676),
       (370, 7677),
       (228, 7677),
       (148, 7677),
       (890, 7677),
       (1116, 7677),
       (44, 7677),
       (622, 7677),
       (466, 7678),
       (915, 7678),
       (1043, 7678),
       (933, 7678),
       (847, 7678),
       (354, 7679),
       (835, 7679),
       (549, 7679),
       (1161, 7679),
       (875, 7679),
       (573, 7679),
       (1120, 7680),
       (529, 7680),
       (57, 7680),
       (570, 7680),
       (787, 7681),
       (913, 7682),
       (114, 7682),
       (1138, 7682),
       (579, 7682),
       (57, 7682),
       (251, 7682),
       (157, 7682),
       (63, 7682),
       (288, 7683),
       (1059, 7683),
       (739, 7684),
       (227, 7684),
       (901, 7684),
       (53, 7684),
       (790, 7684),
       (955, 7684),
       (812, 7684),
       (318, 7684),
       (1023, 7684),
       (1104, 7685),
       (1045, 7685),
       (573, 7685),
       (56, 7686),
       (731, 7686),
       (603, 7686),
       (653, 7686),
       (496, 7687),
       (324, 7687),
       (949, 7687),
       (53, 7687),
       (392, 7687),
       (495, 7687),
       (160, 7688),
       (60, 7688),
       (850, 7689),
       (551, 7689),
       (232, 7689),
       (1098, 7689),
       (219, 7689),
       (991, 7689),
       (1024, 7690),
       (1203, 7690),
       (822, 7690),
       (1048, 7690),
       (1211, 7690),
       (413, 7690),
       (174, 7690),
       (367, 7690),
       (145, 7691),
       (1106, 7691),
       (711, 7691),
       (217, 7691),
       (477, 7691),
       (925, 7691),
       (1038, 7691),
       (914, 7692),
       (354, 7692),
       (1140, 7692),
       (868, 7692),
       (616, 7692),
       (409, 7692),
       (911, 7692),
       (687, 7692),
       (276, 7693),
       (535, 7693),
       (7, 7693),
       (287, 7693),
       (137, 7694),
       (266, 7694),
       (570, 7694),
       (16, 7695),
       (97, 7695),
       (913, 7695),
       (436, 7695),
       (27, 7695),
       (444, 7695),
       (652, 7695),
       (494, 7695),
       (853, 7696),
       (1180, 7696),
       (830, 7696),
       (1150, 7696),
       (949, 7697),
       (70, 7697),
       (454, 7697),
       (1095, 7697),
       (140, 7697),
       (578, 7698),
       (293, 7698),
       (394, 7698),
       (1121, 7699),
       (787, 7699),
       (741, 7699),
       (536, 7699),
       (238, 7699),
       (677, 7700),
       (888, 7700),
       (649, 7700),
       (43, 7700),
       (636, 7700),
       (120, 7701),
       (515, 7702),
       (696, 7702),
       (1098, 7702),
       (1041, 7703),
       (633, 7703),
       (425, 7703),
       (474, 7703),
       (331, 7703),
       (701, 7703),
       (93, 7703),
       (1102, 7703),
       (625, 7704),
       (1124, 7704),
       (1060, 7704),
       (116, 7704),
       (837, 7704),
       (327, 7704),
       (808, 7704),
       (621, 7704),
       (666, 7705),
       (555, 7705),
       (812, 7705),
       (924, 7705),
       (1132, 7705),
       (509, 7705),
       (162, 7706),
       (643, 7706),
       (518, 7706),
       (1146, 7706),
       (1022, 7706),
       (455, 7707),
       (236, 7707),
       (1199, 7707),
       (1092, 7708),
       (409, 7708),
       (367, 7708),
       (352, 7709),
       (705, 7709),
       (1062, 7709),
       (54, 7709),
       (776, 7709),
       (314, 7709),
       (127, 7709),
       (528, 7710),
       (994, 7710),
       (323, 7710),
       (484, 7710),
       (202, 7710),
       (268, 7710),
       (1117, 7710),
       (782, 7710),
       (638, 7710),
       (656, 7711),
       (945, 7711),
       (675, 7711),
       (1157, 7711),
       (697, 7711),
       (1051, 7711),
       (796, 7711),
       (94, 7711),
       (360, 7712),
       (536, 7712),
       (330, 7712),
       (1182, 7712),
       (1194, 7713),
       (891, 7713),
       (861, 7713),
       (225, 7714),
       (260, 7714),
       (1198, 7714),
       (255, 7714),
       (15, 7714),
       (691, 7715),
       (452, 7715),
       (213, 7715),
       (933, 7715),
       (903, 7715),
       (297, 7715),
       (507, 7715),
       (875, 7715),
       (701, 7715),
       (1008, 7716),
       (177, 7716),
       (865, 7716),
       (978, 7716),
       (601, 7716),
       (411, 7716),
       (764, 7716),
       (464, 7717),
       (899, 7717),
       (324, 7717),
       (456, 7717),
       (297, 7717),
       (862, 7717),
       (1087, 7717),
       (395, 7718),
       (1053, 7718),
       (327, 7719),
       (1172, 7720),
       (1140, 7721),
       (767, 7721),
       (785, 7722),
       (278, 7722),
       (531, 7723),
       (1094, 7723),
       (697, 7723),
       (908, 7723),
       (702, 7723),
       (675, 7724),
       (1042, 7725),
       (508, 7725),
       (273, 7726),
       (744, 7726),
       (1113, 7726),
       (445, 7726),
       (336, 7727),
       (656, 7727),
       (244, 7727),
       (661, 7727),
       (855, 7727),
       (711, 7727),
       (696, 7727),
       (505, 7727),
       (122, 7727),
       (1217, 7728),
       (727, 7728),
       (153, 7728),
       (974, 7728),
       (223, 7728),
       (287, 7728),
       (1217, 7729),
       (596, 7729),
       (903, 7729),
       (58, 7729),
       (1162, 7729),
       (975, 7729),
       (259, 7730),
       (538, 7730),
       (865, 7731),
       (1029, 7731),
       (408, 7731),
       (209, 7732),
       (978, 7732),
       (259, 7732),
       (1124, 7732),
       (692, 7732),
       (85, 7732),
       (534, 7732),
       (443, 7732),
       (462, 7732),
       (307, 7733),
       (1112, 7733),
       (548, 7734),
       (178, 7735),
       (99, 7735),
       (603, 7735),
       (255, 7736),
       (977, 7737),
       (689, 7737),
       (788, 7737),
       (548, 7737),
       (342, 7737),
       (1015, 7737),
       (523, 7737),
       (444, 7738),
       (207, 7738),
       (319, 7738),
       (81, 7739),
       (577, 7739),
       (1178, 7739),
       (1098, 7739),
       (693, 7740),
       (890, 7740),
       (702, 7740),
       (609, 7741),
       (546, 7741),
       (165, 7741),
       (1046, 7741),
       (6, 7741),
       (1080, 7741),
       (813, 7741),
       (958, 7741),
       (607, 7741),
       (981, 7742),
       (537, 7742),
       (1024, 7743),
       (899, 7743),
       (243, 7743),
       (327, 7743),
       (440, 7743),
       (910, 7743),
       (756, 7744),
       (37, 7744),
       (550, 7744),
       (358, 7744),
       (823, 7744),
       (186, 7744),
       (938, 7744),
       (91, 7744),
       (545, 7745),
       (528, 7746),
       (577, 7746),
       (150, 7746),
       (582, 7746),
       (154, 7746),
       (458, 7746),
       (987, 7746),
       (525, 7746),
       (613, 7747),
       (376, 7747),
       (573, 7747),
       (831, 7747),
       (66, 7748),
       (916, 7748),
       (421, 7748),
       (1097, 7748),
       (1033, 7748),
       (747, 7748),
       (1212, 7748),
       (702, 7748),
       (560, 7749),
       (252, 7749),
       (91, 7750),
       (1134, 7750),
       (335, 7750),
       (900, 7751),
       (454, 7751),
       (246, 7751),
       (217, 7751),
       (1104, 7752),
       (965, 7752),
       (1174, 7752),
       (999, 7752),
       (247, 7752),
       (762, 7752),
       (993, 7753),
       (242, 7753),
       (325, 7753),
       (713, 7753),
       (329, 7753),
       (978, 7754),
       (8, 7754),
       (317, 7754),
       (480, 7755),
       (128, 7755),
       (1122, 7755),
       (163, 7755),
       (311, 7755),
       (472, 7755),
       (264, 7755),
       (240, 7756),
       (1025, 7756),
       (290, 7756),
       (1092, 7756),
       (759, 7756),
       (793, 7756),
       (892, 7756),
       (65, 7757),
       (753, 7757),
       (437, 7757),
       (230, 7757),
       (39, 7757),
       (859, 7757),
       (524, 7757),
       (13, 7757),
       (366, 7757),
       (50, 7758),
       (434, 7758),
       (867, 7758),
       (563, 7758),
       (996, 7758),
       (824, 7758),
       (619, 7758),
       (431, 7758),
       (959, 7758),
       (992, 7759),
       (581, 7759),
       (520, 7759),
       (145, 7760),
       (238, 7760),
       (843, 7761),
       (780, 7761),
       (1073, 7762),
       (549, 7762),
       (776, 7762),
       (332, 7762),
       (1007, 7762),
       (672, 7763),
       (1076, 7763),
       (743, 7763),
       (844, 7763),
       (274, 7764),
       (1206, 7764),
       (263, 7764),
       (729, 7764),
       (1114, 7764),
       (733, 7764),
       (630, 7765),
       (1177, 7765),
       (336, 7766),
       (977, 7766),
       (593, 7766),
       (226, 7766),
       (486, 7766),
       (310, 7766),
       (168, 7766),
       (988, 7766),
       (365, 7766),
       (272, 7767),
       (774, 7767),
       (601, 7767),
       (186, 7767),
       (1003, 7767),
       (591, 7767),
       (865, 7768),
       (1010, 7768),
       (1138, 7768),
       (1125, 7768),
       (919, 7768),
       (955, 7768),
       (1217, 7769),
       (978, 7769),
       (631, 7769),
       (248, 7769),
       (584, 7769),
       (730, 7769),
       (666, 7769),
       (464, 7770),
       (515, 7770),
       (202, 7770),
       (1098, 7770),
       (1067, 7770),
       (322, 7771),
       (389, 7771),
       (821, 7771),
       (1046, 7771),
       (1193, 7771),
       (75, 7771),
       (524, 7771),
       (878, 7771),
       (382, 7772),
       (160, 7773),
       (483, 7773),
       (277, 7773),
       (807, 7773),
       (652, 7773),
       (12, 7773),
       (767, 7773),
       (259, 7774),
       (916, 7774),
       (487, 7774),
       (633, 7774),
       (154, 7774),
       (956, 7774),
       (877, 7774),
       (1071, 7774),
       (256, 7775),
       (945, 7775),
       (645, 7775),
       (118, 7775),
       (168, 7775),
       (1133, 7775),
       (384, 7776),
       (128, 7776),
       (1185, 7776),
       (1140, 7776),
       (261, 7776),
       (614, 7776),
       (1196, 7776),
       (1132, 7776),
       (190, 7776),
       (512, 7777),
       (580, 7777),
       (694, 7777),
       (598, 7777),
       (730, 7777),
       (299, 7777),
       (973, 7777),
       (527, 7777),
       (497, 7778),
       (1076, 7778),
       (516, 7778),
       (8, 7778),
       (60, 7778),
       (1164, 7778),
       (351, 7778),
       (1024, 7779),
       (795, 7779),
       (780, 7779),
       (719, 7779),
       (575, 7779),
       (319, 7779),
       (1075, 7780),
       (1082, 7780),
       (719, 7780),
       (468, 7781),
       (1162, 7781),
       (538, 7781),
       (718, 7781),
       (467, 7782),
       (7, 7782),
       (296, 7782),
       (873, 7782),
       (587, 7782),
       (243, 7783),
       (1124, 7783),
       (438, 7783),
       (535, 7783),
       (72, 7783),
       (712, 7783),
       (680, 7783),
       (476, 7783),
       (48, 7784),
       (757, 7784),
       (1126, 7784),
       (711, 7784),
       (120, 7784),
       (889, 7784),
       (157, 7784),
       (397, 7784),
       (495, 7784),
       (192, 7785),
       (1020, 7785),
       (144, 7786),
       (404, 7786),
       (422, 7786),
       (359, 7786),
       (392, 7786),
       (1178, 7786),
       (1073, 7787),
       (773, 7787),
       (7, 7787),
       (568, 7787),
       (40, 7787),
       (201, 7787),
       (1083, 7787),
       (525, 7787),
       (781, 7787),
       (1124, 7788),
       (1044, 7788),
       (808, 7788),
       (330, 7788),
       (123, 7788),
       (45, 7788),
       (799, 7788),
       (418, 7789),
       (387, 7789),
       (1059, 7789),
       (324, 7789),
       (933, 7789),
       (342, 7789),
       (173, 7789),
       (94, 7789),
       (622, 7789),
       (2, 7790),
       (1013, 7790),
       (5, 7790),
       (552, 7790),
       (831, 7791),
       (512, 7792),
       (177, 7792),
       (533, 7792),
       (70, 7792),
       (46, 7792),
       (512, 7793),
       (768, 7793),
       (898, 7793),
       (562, 7793),
       (100, 7793),
       (598, 7793),
       (942, 7793),
       (110, 7793),
       (1071, 7793),
       (127, 7794),
       (432, 7795),
       (1216, 7795),
       (626, 7795),
       (197, 7795),
       (886, 7795),
       (392, 7795),
       (1097, 7795),
       (1135, 7795),
       (208, 7796),
       (100, 7796),
       (405, 7796),
       (678, 7796),
       (808, 7796),
       (282, 7796),
       (349, 7796),
       (878, 7796),
       (1167, 7796),
       (48, 7797),
       (930, 7797),
       (1189, 7797),
       (310, 7797),
       (986, 7797),
       (1018, 7797),
       (958, 7797),
       (216, 7798),
       (344, 7798),
       (876, 7798),
       (637, 7798),
       (1025, 7799),
       (946, 7799),
       (630, 7799),
       (1206, 7799),
       (855, 7799),
       (699, 7799),
       (283, 7799),
       (619, 7799),
       (1150, 7799),
       (1185, 7800),
       (1106, 7800),
       (598, 7800),
       (590, 7800),
       (702, 7800),
       (78, 7800),
       (1087, 7800),
       (947, 7801),
       (548, 7801),
       (1044, 7801),
       (727, 7801),
       (296, 7801),
       (156, 7801),
       (1004, 7801),
       (584, 7802),
       (474, 7803),
       (738, 7804),
       (434, 7804),
       (251, 7804),
       (1184, 7805),
       (104, 7805),
       (220, 7805),
       (905, 7806),
       (970, 7806),
       (810, 7806),
       (634, 7806),
       (45, 7806),
       (894, 7806),
       (177, 7807),
       (706, 7807),
       (643, 7807),
       (91, 7807),
       (841, 7808),
       (842, 7808),
       (286, 7808),
       (15, 7808),
       (723, 7809),
       (326, 7809),
       (120, 7809),
       (873, 7809),
       (1194, 7809),
       (283, 7809),
       (239, 7809),
       (355, 7810),
       (71, 7810),
       (656, 7811),
       (1189, 7811),
       (122, 7811),
       (44, 7811),
       (445, 7811),
       (477, 7811),
       (898, 7812),
       (258, 7812),
       (516, 7812),
       (184, 7812),
       (1114, 7812),
       (476, 7812),
       (209, 7813),
       (130, 7813),
       (723, 7813),
       (633, 7813),
       (1053, 7813),
       (706, 7814),
       (852, 7814),
       (740, 7814),
       (967, 7814),
       (745, 7814),
       (16, 7815),
       (355, 7815),
       (4, 7815),
       (619, 7815),
       (655, 7815),
       (179, 7816),
       (522, 7816),
       (507, 7816),
       (1102, 7816),
       (767, 7816),
       (1056, 7817),
       (370, 7817),
       (898, 7817),
       (388, 7817),
       (444, 7817),
       (797, 7817),
       (382, 7817),
       (144, 7818),
       (866, 7818),
       (981, 7818),
       (184, 7818),
       (1178, 7818),
       (331, 7818),
       (603, 7818),
       (189, 7818),
       (32, 7819),
       (609, 7819),
       (65, 7819),
       (469, 7819),
       (374, 7819),
       (9, 7819),
       (651, 7819),
       (492, 7819),
       (528, 7820),
       (177, 7820),
       (102, 7820),
       (762, 7820),
       (618, 7820),
       (939, 7820),
       (944, 7821),
       (101, 7821),
       (265, 7821),
       (6, 7822),
       (762, 7822),
       (656, 7823),
       (717, 7823),
       (702, 7823),
       (419, 7824),
       (1189, 7824),
       (104, 7824),
       (476, 7824),
       (239, 7824),
       (591, 7824),
       (466, 7825),
       (675, 7825),
       (597, 7825),
       (631, 7825),
       (615, 7826),
       (279, 7826),
       (569, 7826),
       (1193, 7826),
       (523, 7826),
       (732, 7826),
       (814, 7826),
       (420, 7827),
       (885, 7827),
       (678, 7827),
       (744, 7827),
       (859, 7827),
       (411, 7827),
       (399, 7827),
       (577, 7828),
       (642, 7828),
       (1077, 7828),
       (296, 7828),
       (715, 7828),
       (253, 7828),
       (797, 7828),
       (271, 7828),
       (704, 7829),
       (455, 7829),
       (591, 7829),
       (1157, 7830),
       (998, 7830),
       (424, 7830),
       (1145, 7830),
       (27, 7830),
       (699, 7830),
       (526, 7830),
       (64, 7831),
       (915, 7831),
       (580, 7831),
       (341, 7831),
       (728, 7831),
       (152, 7831),
       (824, 7831),
       (124, 7831),
       (16, 7832),
       (244, 7832),
       (645, 7832),
       (149, 7832),
       (56, 7832),
       (670, 7832),
       (894, 7832),
       (577, 7833),
       (50, 7833),
       (722, 7833),
       (531, 7833),
       (521, 7833),
       (25, 7833),
       (395, 7833),
       (477, 7833),
       (1187, 7834),
       (1062, 7835),
       (556, 7835),
       (351, 7835),
       (1015, 7836),
       (1177, 7836),
       (329, 7836),
       (9, 7837),
       (810, 7837),
       (864, 7838),
       (928, 7838),
       (1123, 7838),
       (917, 7838),
       (248, 7838),
       (424, 7838),
       (45, 7838),
       (1076, 7839),
       (551, 7839),
       (840, 7839),
       (75, 7839),
       (988, 7839),
       (1032, 7840),
       (88, 7840),
       (604, 7840),
       (978, 7841),
       (612, 7841),
       (261, 7841),
       (1163, 7841),
       (220, 7841),
       (814, 7841),
       (767, 7841),
       (191, 7841),
       (1058, 7842),
       (997, 7842),
       (1045, 7842),
       (502, 7842),
       (934, 7842),
       (541, 7842),
       (1037, 7842),
       (1006, 7842),
       (480, 7843),
       (359, 7843),
       (922, 7843),
       (667, 7843),
       (385, 7844),
       (218, 7844),
       (332, 7844),
       (541, 7844),
       (109, 7844),
       (112, 7845),
       (833, 7845),
       (642, 7845),
       (809, 7845),
       (681, 7845),
       (650, 7845),
       (1102, 7845),
       (833, 7846),
       (881, 7846),
       (581, 7846),
       (645, 7846),
       (806, 7846),
       (124, 7846),
       (287, 7846),
       (257, 7847),
       (962, 7847),
       (1158, 7847),
       (681, 7847),
       (803, 7848),
       (817, 7849),
       (886, 7849),
       (710, 7849),
       (342, 7849),
       (11, 7849),
       (1148, 7849),
       (944, 7850),
       (1027, 7850),
       (691, 7850),
       (260, 7850),
       (949, 7850),
       (250, 7850),
       (300, 7850),
       (1008, 7851),
       (305, 7851),
       (418, 7851),
       (216, 7851),
       (731, 7851),
       (383, 7851),
       (230, 7852),
       (401, 7853),
       (1073, 7853),
       (51, 7853),
       (824, 7853),
       (89, 7853),
       (91, 7853),
       (43, 7853),
       (82, 7854),
       (1173, 7855),
       (310, 7855),
       (256, 7856),
       (481, 7856),
       (853, 7856),
       (81, 7857),
       (725, 7857),
       (838, 7857),
       (1032, 7857),
       (696, 7857),
       (234, 7857),
       (907, 7857),
       (1004, 7857),
       (4, 7858),
       (869, 7858),
       (662, 7858),
       (678, 7858),
       (311, 7858),
       (968, 7858),
       (201, 7858),
       (978, 7859),
       (901, 7859),
       (86, 7859),
       (760, 7859),
       (136, 7859),
       (809, 7859),
       (768, 7860),
       (33, 7860),
       (263, 7860),
       (75, 7860),
       (396, 7860),
       (783, 7860),
       (1088, 7861),
       (372, 7861),
       (680, 7861),
       (537, 7861),
       (313, 7861),
       (411, 7861),
       (221, 7861),
       (414, 7861),
       (230, 7862),
       (384, 7863),
       (323, 7863),
       (515, 7863),
       (69, 7863),
       (135, 7863),
       (280, 7863),
       (1002, 7863),
       (1115, 7863),
       (1218, 7864),
       (944, 7865),
       (1141, 7865),
       (1071, 7865),
       (386, 7866),
       (116, 7866),
       (30, 7866),
       (767, 7866),
       (1010, 7867),
       (179, 7867),
       (1013, 7867),
       (822, 7867),
       (185, 7867),
       (1212, 7867),
       (45, 7867),
       (447, 7867),
       (996, 7868),
       (565, 7868),
       (422, 7868),
       (200, 7868),
       (746, 7868),
       (603, 7868),
       (669, 7868),
       (125, 7868),
       (559, 7868),
       (67, 7869),
       (212, 7869),
       (85, 7869),
       (600, 7869),
       (104, 7869),
       (28, 7869),
       (1041, 7870),
       (338, 7870),
       (276, 7870),
       (471, 7870),
       (232, 7870),
       (137, 7870),
       (610, 7871),
       (1011, 7871),
       (484, 7871),
       (1077, 7871),
       (376, 7871),
       (394, 7871),
       (892, 7871),
       (1169, 7872),
       (148, 7872),
       (471, 7872),
       (951, 7872),
       (826, 7872),
       (351, 7872),
       (353, 7873),
       (1154, 7873),
       (323, 7873),
       (35, 7873),
       (1108, 7873),
       (196, 7873),
       (152, 7873),
       (780, 7873),
       (112, 7874),
       (436, 7874),
       (1013, 7874),
       (549, 7874),
       (696, 7874),
       (42, 7874),
       (989, 7874),
       (1181, 7874),
       (430, 7874),
       (880, 7875),
       (312, 7875),
       (1211, 7875),
       (28, 7875),
       (1020, 7875),
       (68, 7876),
       (983, 7877),
       (945, 7878),
       (1063, 7878),
       (777, 7878),
       (1081, 7878),
       (234, 7878),
       (155, 7878),
       (187, 7878),
       (1036, 7878),
       (1118, 7878),
       (752, 7879),
       (578, 7879),
       (132, 7879),
       (772, 7879),
       (711, 7879),
       (489, 7879),
       (59, 7879),
       (209, 7880),
       (596, 7880),
       (741, 7880),
       (1126, 7880),
       (694, 7880),
       (502, 7880),
       (1098, 7880),
       (1132, 7880),
       (1133, 7880),
       (98, 7881),
       (869, 7881),
       (245, 7881),
       (1095, 7881),
       (776, 7881),
       (938, 7881),
       (1003, 7881),
       (909, 7881),
       (717, 7881),
       (129, 7882),
       (81, 7882),
       (260, 7882),
       (85, 7882),
       (313, 7882),
       (542, 7882),
       (1152, 7883),
       (610, 7883),
       (696, 7883),
       (778, 7883),
       (109, 7883),
       (462, 7883),
       (741, 7884),
       (487, 7884),
       (460, 7884),
       (241, 7885),
       (372, 7885),
       (85, 7885),
       (325, 7885),
       (422, 7885),
       (392, 7885),
       (601, 7885),
       (100, 7886),
       (452, 7886),
       (167, 7886),
       (366, 7886),
       (224, 7887),
       (1139, 7887),
       (180, 7887),
       (7, 7887),
       (136, 7887),
       (601, 7887),
       (265, 7887),
       (879, 7887),
       (181, 7888),
       (267, 7888),
       (691, 7889),
       (1078, 7889),
       (985, 7889),
       (507, 7889),
       (909, 7889),
       (686, 7889),
       (1217, 7890),
       (946, 7890),
       (532, 7890),
       (503, 7890),
       (1116, 7890),
       (1137, 7891),
       (1128, 7891),
       (776, 7891),
       (840, 7891),
       (1212, 7891),
       (913, 7892),
       (354, 7892),
       (915, 7892),
       (984, 7892),
       (1034, 7892),
       (338, 7893),
       (194, 7893),
       (962, 7893),
       (1141, 7893),
       (956, 7893),
       (814, 7893),
       (447, 7893),
       (427, 7894),
       (726, 7895),
       (199, 7895),
       (1000, 7895),
       (152, 7895),
       (842, 7895),
       (1053, 7895),
       (208, 7896),
       (2, 7896),
       (628, 7896),
       (1028, 7896),
       (76, 7896),
       (573, 7896),
       (1210, 7897),
       (1018, 7897),
       (899, 7898),
       (1140, 7898),
       (310, 7898),
       (923, 7898),
       (891, 7898),
       (699, 7898),
       (876, 7898),
       (495, 7898),
       (864, 7899),
       (1079, 7899),
       (1082, 7899),
       (251, 7899),
       (557, 7899),
       (941, 7899),
       (976, 7900),
       (498, 7900),
       (325, 7900),
       (917, 7900),
       (825, 7900),
       (474, 7900),
       (299, 7900),
       (606, 7900),
       (1184, 7901),
       (915, 7901),
       (1124, 7901),
       (583, 7901),
       (81, 7902),
       (1207, 7902),
       (107, 7902),
       (800, 7903),
       (547, 7903),
       (996, 7903),
       (295, 7903),
       (346, 7903),
       (844, 7903),
       (190, 7903),
       (815, 7903),
       (287, 7903),
       (81, 7904),
       (1160, 7904),
       (699, 7904),
       (50, 7905),
       (150, 7905),
       (40, 7905),
       (728, 7905),
       (717, 7905),
       (1018, 7906),
       (1143, 7907),
       (40, 7907),
       (13, 7907),
       (710, 7908),
       (1110, 7908),
       (22, 7908),
       (1008, 7909),
       (453, 7909),
       (15, 7909),
       (210, 7910),
       (8, 7910),
       (1181, 7910),
       (240, 7911),
       (884, 7911),
       (788, 7911),
       (5, 7911),
       (984, 7911),
       (1178, 7911),
       (1179, 7911),
       (509, 7911),
       (285, 7911),
       (1157, 7912),
       (231, 7912),
       (344, 7912),
       (1116, 7912),
       (1135, 7912),
       (847, 7912),
       (276, 7913),
       (344, 7913),
       (633, 7913),
       (713, 7913),
       (1005, 7913),
       (1019, 7914),
       (146, 7915),
       (1075, 7915),
       (99, 7915),
       (933, 7915),
       (1001, 7915),
       (874, 7915),
       (986, 7915),
       (338, 7916),
       (995, 7916),
       (868, 7916),
       (725, 7916),
       (312, 7916),
       (556, 7916),
       (430, 7916),
       (984, 7917),
       (265, 7917),
       (575, 7917),
       (559, 7917),
       (216, 7918),
       (1068, 7918),
       (850, 7919),
       (594, 7919),
       (260, 7919),
       (54, 7919),
       (456, 7919),
       (473, 7919),
       (1180, 7919),
       (109, 7919),
       (33, 7920),
       (1189, 7920),
       (1127, 7920),
       (984, 7920),
       (760, 7920),
       (633, 7920),
       (300, 7920),
       (445, 7920),
       (65, 7921),
       (1123, 7921),
       (5, 7921),
       (777, 7921),
       (1018, 7921),
       (414, 7921),
       (1042, 7922),
       (342, 7922),
       (217, 7922),
       (443, 7922),
       (709, 7923),
       (806, 7923),
       (727, 7923),
       (10, 7923),
       (796, 7923),
       (563, 7924),
       (981, 7924),
       (968, 7924),
       (441, 7924),
       (460, 7924),
       (876, 7924),
       (866, 7925),
       (243, 7925),
       (837, 7925),
       (1191, 7925),
       (1066, 7925),
       (653, 7925),
       (1101, 7925),
       (960, 7926),
       (630, 7926),
       (1159, 7926),
       (345, 7926),
       (845, 7926),
       (759, 7927),
       (1162, 7927),
       (892, 7927),
       (916, 7928),
       (304, 7929),
       (965, 7929),
       (1056, 7930),
       (163, 7930),
       (244, 7930),
       (613, 7930),
       (88, 7930),
       (458, 7930),
       (362, 7930),
       (1054, 7930),
       (496, 7931),
       (497, 7931),
       (1126, 7931),
       (378, 7931),
       (795, 7931),
       (987, 7931),
       (892, 7931),
       (957, 7931),
       (989, 7931),
       (1120, 7932),
       (1136, 7932),
       (277, 7932),
       (294, 7932),
       (492, 7932),
       (1150, 7932),
       (575, 7932),
       (1199, 7932),
       (224, 7933),
       (897, 7933),
       (138, 7933),
       (45, 7933),
       (658, 7934),
       (670, 7934),
       (897, 7935),
       (132, 7935),
       (324, 7935),
       (199, 7935),
       (761, 7935),
       (268, 7935),
       (114, 7936),
       (393, 7936),
       (834, 7937),
       (1091, 7937),
       (1049, 7937),
       (139, 7937),
       (286, 7937),
       (1042, 7938),
       (798, 7938),
       (1025, 7939),
       (611, 7939),
       (56, 7939),
       (232, 7939),
       (444, 7939),
       (766, 7939),
       (1122, 7940),
       (274, 7940),
       (1058, 7940),
       (87, 7940),
       (199, 7940),
       (265, 7940),
       (554, 7940),
       (1052, 7940),
       (127, 7940),
       (145, 7941),
       (291, 7941),
       (85, 7941),
       (1189, 7941),
       (295, 7941),
       (632, 7941),
       (1035, 7941),
       (621, 7941),
       (157, 7941),
       (832, 7942),
       (368, 7942),
       (1120, 7942),
       (978, 7942),
       (582, 7942),
       (695, 7942),
       (119, 7942),
       (371, 7943),
       (919, 7943),
       (913, 7944),
       (673, 7944),
       (805, 7944),
       (469, 7944),
       (1001, 7944),
       (665, 7944),
       (1084, 7944),
       (1135, 7944),
       (591, 7944),
       (949, 7945),
       (749, 7945),
       (1203, 7946),
       (405, 7946),
       (1153, 7947),
       (817, 7947),
       (565, 7947),
       (860, 7947),
       (876, 7947),
       (96, 7948),
       (640, 7948),
       (514, 7948),
       (34, 7948),
       (387, 7948),
       (755, 7948),
       (357, 7948),
       (1046, 7948),
       (895, 7948),
       (1030, 7949),
       (1055, 7949),
       (352, 7950),
       (516, 7950),
       (264, 7950),
       (952, 7950),
       (345, 7950),
       (138, 7950),
       (1018, 7950),
       (74, 7950),
       (577, 7951),
       (563, 7951),
       (215, 7951),
       (375, 7951),
       (137, 7951),
       (490, 7951),
       (557, 7951),
       (765, 7951),
       (787, 7952),
       (292, 7952),
       (1012, 7952),
       (1029, 7952),
       (166, 7952),
       (455, 7952),
       (681, 7952),
       (74, 7953),
       (683, 7953),
       (957, 7953),
       (616, 7954),
       (1131, 7954),
       (621, 7954),
       (591, 7954),
       (431, 7954),
       (440, 7955),
       (952, 7955),
       (1016, 7955),
       (681, 7955),
       (485, 7956),
       (992, 7957),
       (55, 7957),
       (1210, 7957),
       (187, 7957),
       (578, 7958),
       (1062, 7958),
       (1206, 7958),
       (1211, 7958),
       (894, 7958),
       (1010, 7959),
       (726, 7959),
       (1160, 7959),
       (794, 7959),
       (29, 7959),
       (590, 7959),
       (1215, 7959),
       (453, 7960),
       (567, 7960),
       (251, 7960),
       (812, 7961),
       (976, 7962),
       (1169, 7962),
       (882, 7962),
       (291, 7962),
       (1124, 7962),
       (1156, 7962),
       (1098, 7962),
       (960, 7963),
       (835, 7963),
       (694, 7963),
       (423, 7963),
       (1162, 7963),
       (43, 7963),
       (620, 7963),
       (414, 7963),
       (976, 7964),
       (400, 7964),
       (313, 7964),
       (538, 7964),
       (701, 7964),
       (1216, 7965),
       (992, 7965),
       (16, 7965),
       (625, 7965),
       (722, 7965),
       (466, 7965),
       (147, 7965),
       (740, 7965),
       (625, 7966),
       (1012, 7966),
       (791, 7966),
       (1114, 7966),
       (122, 7966),
       (187, 7966),
       (447, 7966),
       (800, 7967),
       (194, 7967),
       (563, 7967),
       (452, 7967),
       (36, 7967),
       (758, 7967),
       (425, 7967),
       (1004, 7967),
       (1184, 7968),
       (960, 7968),
       (372, 7968),
       (308, 7968),
       (874, 7968),
       (299, 7968),
       (108, 7968),
       (509, 7968),
       (814, 7968),
       (1136, 7969),
       (292, 7969),
       (949, 7969),
       (233, 7969),
       (1082, 7969),
       (803, 7970),
       (564, 7970),
       (500, 7970),
       (187, 7970),
       (795, 7970),
       (1038, 7970),
       (197, 7971),
       (1141, 7971),
       (680, 7971),
       (649, 7971),
       (987, 7971),
       (907, 7971),
       (719, 7971),
       (512, 7972),
       (937, 7972),
       (268, 7972),
       (253, 7972),
       (708, 7973),
       (598, 7973),
       (889, 7973),
       (1002, 7973),
       (987, 7973),
       (261, 7974),
       (624, 7975),
       (659, 7975),
       (1143, 7975),
       (119, 7975),
       (563, 7976),
       (726, 7976),
       (39, 7976),
       (535, 7976),
       (446, 7976),
       (974, 7976),
       (1199, 7976),
       (43, 7977),
       (528, 7978),
       (736, 7978),
       (389, 7978),
       (1119, 7978),
       (403, 7979),
       (40, 7979),
       (832, 7980),
       (978, 7980),
       (826, 7980),
       (283, 7980),
       (121, 7981),
       (864, 7982),
       (305, 7982),
       (291, 7982),
       (133, 7982),
       (86, 7982),
       (1178, 7982),
       (190, 7982),
       (1135, 7982),
       (227, 7983),
       (611, 7983),
       (645, 7983),
       (421, 7983),
       (246, 7983),
       (921, 7983),
       (12, 7983),
       (996, 7984),
       (962, 7985),
       (916, 7985),
       (790, 7985),
       (488, 7985),
       (360, 7985),
       (668, 7985),
       (1005, 7985),
       (1040, 7986),
       (709, 7986),
       (428, 7986),
       (636, 7986),
       (366, 7986),
       (799, 7986),
       (419, 7987),
       (581, 7987),
       (166, 7987),
       (432, 7988),
       (418, 7988),
       (408, 7988),
       (648, 7988),
       (794, 7988),
       (290, 7989),
       (420, 7989),
       (901, 7990),
       (665, 7991),
       (973, 7991),
       (477, 7991),
       (383, 7991),
       (111, 7991),
       (915, 7992),
       (727, 7992),
       (712, 7992),
       (729, 7992),
       (717, 7992),
       (253, 7992),
       (509, 7992),
       (864, 7993),
       (84, 7993),
       (421, 7993),
       (583, 7993),
       (1044, 7994),
       (341, 7994),
       (1178, 7994),
       (171, 7994),
       (136, 7995),
       (222, 7996),
       (165, 7997),
       (711, 7997),
       (814, 7997),
       (142, 7997),
       (934, 7998),
       (85, 7999),
       (1078, 7999),
       (984, 7999),
       (1032, 7999),
       (171, 7999),
       (380, 7999);